0 0.665850 1.052696 0.344771 0.517157
0 0.234477 0.405637 0.044118 0.066176
0 0.984477 1.533088 0.553922 0.830882
0 0.637255 1.015931 0.310458 0.468137
0 0.696078 1.104167 0.349673 0.526961
0 0.745098 1.175245 0.375817 0.566176
0 0.178922 0.324755 0.027778 0.041667
0 0.212418 0.373775 0.029412 0.041667
0 0.330065 0.556373 0.101307 0.156863
0 0.166667 0.306373 0.081699 0.122549
0 0.772876 1.221814 0.369281 0.551471
0 0.335784 0.566176 0.080065 0.117647
0 0.102941 0.221814 0.183007 0.272059
0 0.211601 0.410539 0.161765 0.232843
0 1.147059 1.796569 0.633987 0.950980
0 0.566176 0.901961 0.263072 0.392157
0 0.859477 1.351716 0.437908 0.654412
0 0.856209 1.339461 0.464052 0.693627
0 0.695261 1.117647 0.321895 0.480392
0 0.581699 0.924020 0.241830 0.357843
0 0.425654 0.694853 0.165033 0.247549
0 0.500817 0.811275 0.187908 0.284314
0 0.432190 0.710784 0.132353 0.196078
