0 0.508170 0.788506 0.091503 0.128736
0 0.966503 1.435632 0.472222 0.668966
0 0.620915 0.943678 0.192810 0.268966
0 0.495098 0.759770 0.153595 0.218391
0 0.973856 1.456322 0.437908 0.613793
0 0.667484 0.998851 0.276144 0.388506
0 0.715686 1.081609 0.245098 0.347126
0 0.557190 0.848276 0.183007 0.257471
0 0.413399 0.629885 0.068627 0.091954
0 0.284314 0.549425 0.088235 0.137931
0 0.848039 1.279310 0.356209 0.503448
0 0.850490 1.272414 0.419935 0.595402
0 0.709150 1.065517 0.290850 0.416092
0 0.410131 0.651724 0.026144 0.039080
