0 0.295752 0.519608 0.104575 0.122549
0 0.138072 0.438725 0.272876 0.647059
0 0.118464 0.371324 0.200980 0.340686
0 0.398693 0.696078 0.137255 0.186275
0 0.762255 1.274510 0.406863 0.612745
0 1.051471 1.714461 0.586601 0.850490
0 0.187908 0.398284 0.032680 0.056373
0 0.352124 0.850490 0.076797 0.147059
0 0.838235 1.529412 0.372549 0.563725
0 0.375817 0.651961 0.173203 0.250000
0 0.576797 0.939951 0.284314 0.399510
0 0.687092 1.083333 0.334967 0.485294
0 0.455882 0.746324 0.235294 0.350490
0 0.531863 0.860294 0.272876 0.401961
0 0.127451 0.268382 0.029412 0.022059
0 0.132353 0.296569 0.022876 0.063725
0 0.927288 1.520833 0.560458 0.840686
