0 1.220588 1.909856 0.790850 1.161058
0 0.103758 0.260817 0.086601 0.117788
0 0.171569 0.355769 0.049020 0.100962
0 0.309641 0.592548 0.080065 0.108173
0 1.062092 1.680288 0.702614 1.052885
0 0.175654 0.378606 0.060458 0.098558
0 0.310458 0.539663 0.169935 0.247596
0 0.481209 0.814904 0.318627 0.485577
0 0.470588 0.778846 0.173203 0.230769
0 0.031863 0.121394 0.060458 0.137019
0 1.168301 1.820913 0.683007 0.992788
0 1.026144 1.637019 0.594771 0.889423
0 0.524510 0.838942 0.284314 0.379808
0 0.796569 1.248798 0.504902 0.704327
0 0.837418 1.332933 0.446078 0.637019
0 0.676471 1.082933 0.388889 0.536058
0 0.868464 1.409856 0.517974 0.795673
