0 0.180556 0.349265 0.047386 0.071078
0 1.171569 1.824755 0.601307 0.904412
0 0.448529 0.735294 0.148693 0.220588
0 1.213235 1.894608 0.560458 0.838235
0 0.690359 1.104167 0.276144 0.414216
0 0.093954 0.197304 0.063725 0.095588
0 0.440359 0.713235 0.194444 0.289216
0 1.111928 1.752451 0.557190 0.843137
0 1.240196 1.933824 0.650327 0.970588
0 0.160131 0.316176 0.166667 0.250000
0 0.184641 0.355392 0.225490 0.338235
0 0.094771 0.207108 0.163399 0.247549
0 0.973039 1.526961 0.495098 0.745098
0 0.550654 0.959559 0.042484 0.075980
0 0.299837 0.508578 0.080065 0.120098
0 0.500000 0.843137 0.078431 0.117647
0 0.138889 0.265931 0.065359 0.095588
0 0.881536 1.384804 0.491830 0.735294
0 1.098039 1.724265 0.591503 0.889706
0 0.531046 0.868873 0.199346 0.296569
0 0.942810 1.566176 0.330065 0.509804
0 0.884804 1.422794 0.433007 0.654412
0 0.949346 1.500000 0.388889 0.583333
0 0.784314 1.267157 0.356209 0.534314
0 0.565359 0.950980 0.111111 0.176471
0 0.303922 0.550245 0.006536 0.012255
0 0.211601 0.414216 0.299020 0.450980
0 0.232843 0.424020 0.151961 0.225490
