0 0.811275 0.558824 0.367647 0.245098
0 0.287990 0.276961 0.296569 0.187908
0 0.213235 0.212418 0.421569 0.326797
0 0.387255 0.343954 0.083333 0.086601
0 0.618873 0.480392 0.115196 0.068627
0 0.591912 0.480392 0.056373 0.049020
0 0.919118 0.674837 0.328431 0.202614
0 0.824755 0.584150 0.125000 0.060458
0 1.102941 0.752451 0.318627 0.171569
0 0.318627 0.276961 0.632353 0.468954
0 0.387255 0.345588 0.500000 0.331699
0 0.621324 0.443627 0.708333 0.482026
0 0.689951 0.474673 0.629902 0.423203
0 0.726716 0.502451 0.522059 0.354575
0 0.772059 0.535131 0.455882 0.285948
0 0.862745 0.599673 0.279412 0.192810
0 1.215686 0.816993 0.544118 0.300654
0 0.482843 0.410948 0.308824 0.204248
