0 0.305556 0.531863 0.107843 0.142157
0 0.399510 0.645833 0.187908 0.291667
0 0.436275 0.702206 0.107843 0.154412
0 0.473856 0.754902 0.019608 0.034314
0 0.580065 0.942402 0.062092 0.110294
0 0.747549 1.155637 0.174837 0.257353
0 0.178922 0.375000 0.171569 0.294118
0 0.133987 0.302696 0.026144 0.071078
0 0.242647 0.476716 0.037582 0.105392
0 0.338235 0.561275 0.294118 0.431373
0 0.497549 0.822304 0.236928 0.335784
0 0.703431 1.148284 0.383987 0.561275
0 0.619281 1.091912 0.254902 0.404412
0 0.866013 1.400735 0.421569 0.625000
0 0.915850 1.493873 0.534314 0.816176
0 1.166667 1.894608 0.728758 1.107843
0 1.136438 1.837010 0.616013 0.928922
0 0.403595 0.702206 0.094771 0.125000
