0 0.238562 0.490244 0.065359 0.068293
0 0.178922 0.402439 0.354575 0.653659
0 0.442810 0.810976 0.228758 0.353659
0 1.125817 1.745122 0.444444 0.592683
0 1.112745 1.804878 0.483660 0.731707
0 1.250000 1.939024 0.676471 0.980488
0 1.083333 1.679268 0.581699 0.817073
0 0.725490 1.173171 0.356209 0.497561
0 0.571895 0.929268 0.281046 0.365854
0 0.351307 0.652439 0.000000 0.002439
0 0.316176 0.618293 0.102941 0.197561
0 0.196078 0.359756 0.124183 0.139024
0 0.122549 0.326829 0.068627 0.126829
0 0.643791 1.031707 0.287582 0.385366
