0 0.469771 0.741972 0.076797 0.098624
0 0.267974 0.444954 0.035948 0.041284
0 0.370098 0.586009 0.027778 0.034404
0 0.444444 0.673165 0.081699 0.103211
0 0.598039 0.872706 0.153595 0.172018
0 0.586601 0.889908 0.189542 0.266055
0 0.479575 0.737385 0.135621 0.194954
0 0.247549 0.428899 0.004902 0.022936
0 0.370098 0.579128 0.070261 0.107798
0 0.413399 0.637615 0.094771 0.128440
0 0.535131 0.842890 0.200980 0.286697
0 0.660131 0.978211 0.277778 0.373853
0 0.742647 1.113532 0.295752 0.378440
0 0.944444 1.464450 0.519608 0.727064
