0 0.356209 0.341912 0.045752 0.100490
0 0.170752 0.408088 0.076797 0.159314
0 0.278595 0.276961 0.070261 0.147059
0 0.585784 0.292892 0.044118 0.051471
0 0.047386 0.328431 0.075163 0.166667
0 0.595588 0.371324 0.053922 0.095588
0 0.480392 0.274510 0.081699 0.176471
0 0.976307 0.377451 0.044118 0.107843
0 0.911765 0.361520 0.045752 0.120098
0 0.738562 0.367647 0.039216 0.098039
0 0.807190 0.361520 0.049020 0.120098
0 0.319444 0.490196 0.080065 0.176471
0 0.656863 0.377451 0.039216 0.102941
