0 0.453431 0.275599 0.031046 0.067538
0 0.434641 0.541394 0.065359 0.084967
0 0.297386 0.303922 0.042484 0.080610
0 0.714052 0.348584 0.065359 0.152505
0 0.575163 0.406318 0.042484 0.076253
0 0.554739 0.295207 0.050654 0.080610
0 0.486928 0.303922 0.055556 0.063181
0 0.473856 0.361656 0.052288 0.078431
0 0.530229 0.399782 0.037582 0.106754
0 0.419118 0.405229 0.044118 0.069717
0 0.391340 0.287582 0.037582 0.074074
0 0.372549 0.326797 0.042484 0.069717
0 0.354575 0.394336 0.039216 0.082789
0 0.422386 0.345316 0.031046 0.028322
