0 0.568627 0.281327 0.104575 0.149877
0 0.736928 0.240786 0.052288 0.078624
0 0.879085 0.394349 0.052288 0.076167
0 0.421569 0.415233 0.088235 0.132678
0 0.787582 0.326781 0.075163 0.113022
0 0.349673 0.213759 0.062092 0.093366
0 0.854575 0.239558 0.052288 0.076167
0 0.164216 0.050369 0.093137 0.100737
0 0.045752 0.109337 0.091503 0.135135
0 0.500817 0.390663 0.093137 0.132678
0 0.526144 0.144963 0.075163 0.113022
0 0.850490 0.341523 0.044118 0.068796
0 0.939542 0.296069 0.039216 0.056511
0 0.656863 0.324324 0.078431 0.113022
0 0.946895 0.371007 0.044118 0.068796
0 0.312908 0.385749 0.089869 0.137592
