0 0.049020 0.355392 0.045752 0.063725
0 0.498366 0.220588 0.035948 0.058824
0 0.934641 0.372549 0.062092 0.088235
0 0.304739 0.302696 0.053922 0.075980
0 0.549837 0.352941 0.053922 0.073529
0 0.570261 0.231618 0.042484 0.066176
0 0.422386 0.278186 0.044118 0.066176
0 0.334967 0.263480 0.039216 0.056373
0 0.234477 0.285539 0.044118 0.066176
0 0.649510 0.422794 0.050654 0.080882
0 0.665033 0.240196 0.035948 0.053922
0 0.469771 0.401961 0.053922 0.073529
0 0.598039 0.285539 0.042484 0.066176
0 0.754902 0.268382 0.042484 0.066176
0 0.538399 0.279412 0.037582 0.058824
0 0.723856 0.389706 0.062092 0.098039
0 0.379085 0.464461 0.052288 0.075980
0 0.164216 0.254902 0.044118 0.068627
0 0.135621 0.415441 0.052288 0.080882
0 0.587418 0.474265 0.073529 0.110294
0 0.459150 0.186275 0.039216 0.053922
0 0.268791 0.261029 0.037582 0.056373
0 0.780229 0.357843 0.050654 0.078431
0 0.044935 0.750000 0.086601 0.132353
0 0.636438 0.355392 0.044118 0.063725
0 0.700980 0.253676 0.039216 0.056373
0 0.237745 0.415441 0.063725 0.090686
0 0.399510 0.395833 0.050654 0.075980
0 0.489379 0.289216 0.044118 0.063725
0 0.194444 0.329657 0.042484 0.066176
0 0.134804 0.329657 0.044118 0.066176
