0 0.733660 0.368171 0.052288 0.076010
0 0.547386 0.583135 0.039216 0.054632
0 0.686275 0.492874 0.052288 0.078385
0 0.636438 0.482185 0.044118 0.061758
0 0.593954 0.529691 0.044118 0.061758
0 0.858660 0.469121 0.073529 0.111639
0 0.649510 0.630641 0.050654 0.073634
0 0.606209 0.671021 0.052288 0.078385
0 0.214869 0.928741 0.044118 0.066508
0 0.536765 0.648456 0.044118 0.061758
0 0.535131 0.510689 0.044118 0.061758
0 0.370098 0.641330 0.099673 0.156770
0 0.779412 0.500000 0.062092 0.092637
0 0.704248 0.617577 0.052288 0.076010
