0 0.488562 0.558621 0.052288 0.073563
0 0.756536 0.397701 0.052288 0.068966
0 0.549837 0.503448 0.050654 0.073563
0 0.440359 0.402299 0.044118 0.059770
0 0.785948 0.490805 0.062092 0.089655
0 0.550654 0.386207 0.042484 0.059770
0 0.619281 0.525287 0.052288 0.071264
0 0.488562 0.429885 0.045752 0.064368
0 0.397059 0.464368 0.035948 0.055172
0 0.290850 0.540230 0.101307 0.156322
0 0.700163 0.482759 0.060458 0.082759
0 0.666667 0.344828 0.052288 0.068966
0 0.586601 0.412644 0.045752 0.057471
0 0.423203 0.557471 0.052288 0.071264
