0 0.624183 1.097257 0.232026 0.309227
0 0.803105 1.498753 0.289216 0.453865
0 0.170752 0.420200 0.200980 0.361596
0 0.165033 0.422693 0.323529 0.635910
0 0.563725 1.029925 0.248366 0.379052
0 0.173203 0.450125 0.071895 0.137157
0 1.091503 1.785536 0.673203 0.982544
0 0.753268 1.354115 0.362745 0.558603
0 1.138889 1.875312 0.656863 0.962594
0 0.360294 0.714464 0.034314 0.052369
0 1.237745 2.022444 0.707516 1.032419
0 1.351307 2.163342 0.846405 1.274314
0 0.112745 0.330424 0.078431 0.082294
0 0.287582 0.582294 0.091503 0.187032
0 0.272059 0.546135 0.168301 0.244389
0 1.140523 1.865337 0.473856 0.678304
0 1.056373 1.673317 0.433007 0.518703
0 0.340686 0.815461 0.328431 0.334165
0 0.654412 1.220698 0.364379 0.620948
0 0.548203 1.009975 0.361111 0.568579
