0 0.697712 1.254902 0.356209 0.529412
0 0.457516 0.944853 0.117647 0.262255
0 0.433007 0.780637 0.137255 0.213235
0 0.142157 0.376225 0.264706 0.517157
0 1.178922 1.870098 0.602941 0.740196
0 0.946895 1.564951 0.540850 0.825980
0 0.187908 0.485294 0.261438 0.392157
0 0.145425 0.375000 0.098039 0.200980
0 0.432190 0.876225 0.086601 0.159314
0 0.289216 0.699755 0.169935 0.296569
0 0.507353 1.003676 0.073529 0.110294
0 0.684641 1.240196 0.235294 0.377451
0 0.764706 1.329657 0.196078 0.276961
0 0.236928 0.509804 0.058824 0.073529
