0 0.864379 0.109375 0.078431 0.117788
0 0.098856 0.268029 0.076797 0.103365
0 0.177288 0.347356 0.060458 0.117788
0 0.317810 0.354567 0.096405 0.151442
0 0.747549 0.056490 0.073529 0.088942
0 0.184641 0.177885 0.078431 0.105769
0 0.254085 0.125000 0.057190 0.086538
0 0.355392 0.045673 0.066993 0.081731
0 0.417484 0.371394 0.066993 0.122596
0 0.018791 0.140625 0.034314 0.098558
0 0.863562 0.271635 0.073529 0.120192
0 0.769608 0.250000 0.081699 0.105769
0 0.411765 0.206731 0.058824 0.125000
0 0.576797 0.125000 0.065359 0.134615
0 0.651961 0.312500 0.075163 0.129808
0 0.517974 0.207933 0.071895 0.141827
0 0.648693 0.175481 0.078431 0.081731
