0 0.385621 0.266491 0.065359 0.068602
0 0.402778 0.356201 0.057190 0.084433
0 0.398693 0.465699 0.049020 0.113456
0 0.464869 0.443272 0.057190 0.126649
0 0.469771 0.323219 0.057190 0.124011
0 0.785948 0.415567 0.071895 0.124011
0 0.552288 0.302111 0.052288 0.102902
0 0.707516 0.515831 0.068627 0.118734
0 0.625000 0.434037 0.050654 0.124011
0 0.660131 0.362797 0.052288 0.124011
0 0.191993 0.394459 0.063725 0.129288
0 0.822712 0.328496 0.060458 0.097625
0 0.342320 0.405013 0.057190 0.124011
0 0.263072 0.360158 0.045752 0.124011
