0 0.107843 0.528186 0.058824 0.095588
0 0.354575 0.424020 0.065359 0.098039
0 0.233660 0.363971 0.039216 0.095588
0 0.172386 0.424020 0.031046 0.073529
0 0.919935 0.607843 0.120915 0.220588
0 0.767974 0.344363 0.094771 0.159314
0 0.812908 0.223039 0.073529 0.166667
0 0.673203 0.403186 0.065359 0.125000
0 0.567810 0.454657 0.066993 0.134804
0 0.112745 0.409314 0.032680 0.044118
0 0.033497 0.481618 0.050654 0.080882
0 0.053105 0.404412 0.047386 0.058824
0 0.470588 0.430147 0.111111 0.159314
0 0.259804 0.446078 0.055556 0.102941
