0 0.602941 0.362745 0.039216 0.058824
0 0.148693 0.416667 0.035948 0.053922
0 0.181373 0.376225 0.039216 0.056373
0 0.638889 0.383578 0.039216 0.056373
0 0.237745 0.334559 0.037582 0.056373
0 0.200980 0.430147 0.035948 0.056373
0 0.557190 0.343137 0.039216 0.058824
0 0.724673 0.381127 0.037582 0.056373
0 0.482843 0.361520 0.037582 0.056373
0 0.750817 0.432598 0.037582 0.056373
0 0.668301 0.382353 0.039216 0.058824
0 0.455065 0.452206 0.050654 0.075980
0 0.793301 0.464461 0.044118 0.066176
0 0.655229 0.535539 0.104575 0.169118
0 0.400327 0.377451 0.039216 0.053922
0 0.566993 0.408088 0.039216 0.056373
0 0.827614 0.484069 0.037582 0.056373
0 0.865196 0.481618 0.037582 0.056373
0 0.528595 0.357843 0.037582 0.058824
0 0.243464 0.441176 0.035948 0.058824
0 0.364379 0.411765 0.035948 0.053922
0 0.325163 0.376225 0.039216 0.056373
