0 0.440359 0.573529 0.080065 0.107843
0 0.089052 0.399510 0.060458 0.093137
0 0.436275 0.720588 0.084967 0.127451
0 0.939542 0.299020 0.039216 0.053922
0 0.165850 0.303922 0.037582 0.058824
0 0.597222 0.420343 0.044118 0.066176
0 0.598039 0.606618 0.042484 0.066176
0 0.033497 0.408088 0.044118 0.066176
0 0.377451 0.127451 0.035948 0.058824
0 0.743464 0.323529 0.035948 0.058824
0 0.364379 0.236520 0.035948 0.056373
0 0.040033 0.509804 0.070261 0.112745
0 0.276144 0.438725 0.065359 0.098039
0 0.653595 0.348039 0.045752 0.063725
0 0.549837 0.359069 0.050654 0.080882
0 0.598039 0.524510 0.065359 0.088235
0 0.687092 0.308824 0.037582 0.058824
0 0.191993 0.409314 0.050654 0.078431
0 0.621732 0.687500 0.076797 0.115196
0 0.263072 0.557598 0.071895 0.110294
0 0.866830 0.718137 0.073529 0.117647
0 0.491830 0.553922 0.075163 0.117647
0 0.786765 0.484069 0.080065 0.105392
0 0.173203 0.552696 0.084967 0.129902
