0 0.677288 0.209559 0.080065 0.120098
0 0.653595 0.383578 0.111111 0.159314
0 0.513072 0.549020 0.160131 0.220588
0 0.736928 0.286765 0.062092 0.098039
0 0.125817 0.071078 0.049020 0.078431
0 0.860294 0.031863 0.044118 0.063725
0 0.636438 0.034314 0.037582 0.053922
0 0.059641 0.042892 0.050654 0.075980
0 0.484477 0.061275 0.063725 0.093137
0 0.245098 0.185049 0.104575 0.169118
0 0.597222 0.128676 0.070261 0.120098
0 0.744281 0.037990 0.044118 0.066176
0 0.446895 0.223039 0.125817 0.196078
0 0.916667 0.118873 0.049020 0.075980
0 0.557190 0.335784 0.088235 0.137255
