0 0.955065 0.469363 0.089869 0.227941
0 0.482843 0.390931 0.093137 0.174020
0 0.683824 0.036765 0.109477 0.068627
0 0.745915 0.062500 0.040850 0.110294
0 0.941176 0.805147 0.117647 0.296569
0 0.904412 0.383578 0.099673 0.193627
0 0.101307 0.426471 0.124183 0.200980
0 0.160948 0.121324 0.096405 0.178922
0 0.570261 0.352941 0.081699 0.166667
0 0.493464 0.221814 0.098039 0.169118
0 0.379085 0.303922 0.081699 0.142157
0 0.143791 0.312500 0.117647 0.193627
0 0.236111 0.666667 0.138889 0.254902
0 0.287582 0.095588 0.078431 0.093137
0 0.493464 0.700980 0.114379 0.235294
0 0.335784 0.628676 0.086601 0.178922
0 0.816176 0.851716 0.155229 0.242647
0 0.787582 0.161765 0.084967 0.176471
0 0.954248 0.062500 0.065359 0.120098
0 0.553922 0.120098 0.081699 0.127451
0 0.049020 0.127451 0.078431 0.161765
0 0.256536 0.207108 0.098039 0.144608
