0 0.511438 0.849398 0.081699 0.122892
0 1.322712 2.001205 0.723856 1.053012
0 0.892974 1.418072 0.436275 0.633735
0 0.751634 1.163855 0.313725 0.462651
0 0.181373 0.357831 0.218954 0.325301
0 0.494281 0.846988 0.132353 0.200000
0 0.272876 0.530120 0.052288 0.072289
0 0.388889 0.632530 0.055556 0.084337
0 0.223039 0.489157 0.364379 0.530120
0 1.177288 1.865060 0.629085 0.930120
0 0.818627 1.289157 0.375817 0.559036
0 0.353758 0.579518 0.050654 0.074699
0 0.230392 0.432530 0.098039 0.146988
0 0.618464 1.015663 0.220588 0.334940
0 0.311275 0.534940 0.047386 0.067470
