0 0.666667 1.075980 0.441176 0.661765
0 0.745098 1.242647 0.297386 0.421569
0 0.464869 0.790441 0.171569 0.159314
0 1.047386 1.658088 0.611111 0.904412
0 0.757353 1.208333 0.485294 0.710784
0 1.183824 1.866422 0.638889 0.928922
0 0.532680 0.932598 0.156863 0.208333
0 0.846405 1.371324 0.522876 0.767157
0 0.649510 1.139706 0.308824 0.485294
0 0.497549 0.806373 0.328431 0.495098
0 0.309641 0.552696 0.102941 0.149510
0 0.107843 0.276961 0.133987 0.171569
0 0.183007 0.368873 0.009804 0.017157
0 1.060458 1.638480 0.666667 0.973039
0 1.102124 1.730392 0.593137 0.892157
0 0.973856 1.498775 0.614379 0.875000
