0 0.665033 0.476250 0.088235 0.132500
0 0.831699 0.542500 0.104575 0.155000
0 0.181373 0.241250 0.062092 0.097500
0 0.942810 0.352500 0.107843 0.160000
0 0.031046 0.287500 0.062092 0.095000
0 0.547386 0.350000 0.065359 0.095000
0 0.589869 0.406250 0.071895 0.117500
0 0.626634 0.647500 0.106209 0.170000
0 0.964052 0.231250 0.071895 0.122500
0 0.552288 0.250000 0.058824 0.095000
0 0.384804 0.326250 0.086601 0.147500
0 0.727941 0.303750 0.093137 0.137500
0 0.793301 0.191250 0.073529 0.117500
0 0.879085 0.238750 0.052288 0.077500
0 0.332516 0.303750 0.044118 0.067500
