0 0.484477 0.236010 0.060458 0.097324
0 0.632353 0.597324 0.104575 0.158151
0 0.507353 0.493917 0.073529 0.102190
0 0.703431 0.198297 0.076797 0.109489
0 0.583333 0.302920 0.052288 0.080292
0 0.502451 0.336983 0.063725 0.094891
0 0.952614 0.236010 0.062092 0.087591
0 0.581699 0.436740 0.075163 0.114355
0 0.645425 0.332117 0.088235 0.128954
0 0.087418 0.413625 0.099673 0.150852
0 0.415850 0.401460 0.073529 0.107056
0 0.353758 0.261557 0.060458 0.094891
0 0.421569 0.624088 0.078431 0.109489
0 0.206699 0.392944 0.089869 0.133820
0 0.568627 0.639903 0.075163 0.111922
0 0.241013 0.262774 0.060458 0.092457
0 0.331699 0.675182 0.101307 0.148418
0 0.414216 0.271290 0.080065 0.104623
0 0.722222 0.510949 0.104575 0.155718
