0 0.583333 1.087432 0.271242 0.459016
0 1.078431 1.918033 0.545752 0.907104
0 0.973039 1.711749 0.560458 0.937158
0 0.885621 1.586066 0.457516 0.762295
0 0.246732 0.538251 0.045752 0.076503
0 0.369281 0.730874 0.160131 0.275956
0 0.247549 0.557377 0.021242 0.032787
0 1.053105 1.823770 0.629085 1.051913
0 0.079248 0.254098 0.066993 0.120219
0 0.869281 1.540984 0.477124 0.797814
0 0.210784 0.409836 0.088235 0.142077
0 0.273693 0.524590 0.112745 0.185792
0 0.548203 1.036885 0.194444 0.319672
0 0.823529 1.438525 0.483660 0.806011
0 0.691176 1.229508 0.388889 0.650273
0 0.543301 1.006831 0.276144 0.461749
0 0.454248 0.841530 0.225490 0.371585
0 0.642974 1.135246 0.383987 0.642077
0 1.245915 2.206284 0.684641 1.144809
0 0.399510 0.734973 0.214052 0.360656
0 0.622549 1.129781 0.339869 0.571038
0 0.847222 1.486339 0.485294 0.808743
0 0.158497 0.367486 0.049020 0.090164
0 0.149510 0.349727 0.021242 0.032787
0 0.072712 0.181694 0.014706 0.024590
0 0.459967 0.909836 0.187908 0.327869
0 1.120915 1.975410 0.617647 1.032787
0 0.345588 0.637978 0.181373 0.303279
0 1.123366 1.950820 0.638889 1.071038
0 0.638889 1.195355 0.297386 0.500000
0 0.443627 0.896175 0.138889 0.240437
