0 0.279412 0.267157 0.055556 0.102941
0 0.319444 0.765931 0.027778 0.051471
0 0.399510 0.757353 0.034314 0.044118
0 0.477941 0.748775 0.027778 0.046569
0 0.570261 0.753676 0.042484 0.046569
0 0.672386 0.748775 0.024510 0.041667
0 0.122549 0.459559 0.058824 0.125000
0 0.149510 0.279412 0.057190 0.117647
0 0.253268 0.460784 0.058824 0.137255
0 0.210784 0.752451 0.039216 0.049020
0 0.407680 0.265931 0.057190 0.105392
0 0.544935 0.248775 0.066993 0.115196
0 0.542484 0.420343 0.101307 0.129902
0 0.690359 0.406863 0.070261 0.112745
0 0.686275 0.220588 0.075163 0.098039
0 0.848039 0.171569 0.091503 0.122549
0 0.871732 0.381127 0.086601 0.125000
0 0.391340 0.453431 0.070261 0.122549
