0 0.640931 0.672386 0.026961 0.017974
0 0.207108 0.330882 0.134804 0.080065
0 0.037990 0.329248 0.071078 0.093137
0 0.398284 0.336601 0.105392 0.101307
0 0.615196 0.337418 0.107843 0.080065
0 0.623775 0.459150 0.120098 0.091503
0 0.807598 0.327614 0.105392 0.086601
0 0.796569 0.459150 0.068627 0.068627
0 0.971814 0.455882 0.056373 0.078431
0 0.033088 0.467320 0.061275 0.088235
0 0.203431 0.468137 0.132353 0.086601
0 0.285539 0.667484 0.036765 0.034314
0 0.384804 0.678105 0.019608 0.016340
0 0.476716 0.669118 0.022059 0.021242
0 0.566176 0.672386 0.044118 0.011438
0 0.738971 0.682190 0.031863 0.027778
0 0.971814 0.316176 0.056373 0.099673
0 0.395833 0.468954 0.134804 0.088235
