0 0.724673 0.495098 0.089869 0.142157
0 0.543301 0.507353 0.132353 0.156863
0 0.500000 0.338235 0.058824 0.117647
0 0.359477 0.406863 0.071895 0.102941
0 0.271242 0.399510 0.052288 0.078431
0 0.308007 0.329657 0.044118 0.080882
0 0.398693 0.310049 0.042484 0.105392
0 0.602941 0.306373 0.042484 0.107843
0 0.723039 0.307598 0.031046 0.095588
0 0.780229 0.286765 0.047386 0.078431
0 0.677288 0.322304 0.040850 0.105392
0 0.889706 0.318627 0.063725 0.098039
0 0.034314 0.506127 0.065359 0.154412
0 0.919935 0.553922 0.140523 0.259804
0 0.063725 0.393382 0.058824 0.085784
0 0.768791 0.800245 0.266340 0.389706
0 0.415033 0.477941 0.098039 0.102941
0 0.838235 0.280637 0.029412 0.110294
