0 0.548203 0.852941 0.240196 0.323529
0 0.375817 0.631127 0.065359 0.056373
0 0.451797 0.757353 0.171569 0.240196
0 0.251634 0.470588 0.026144 0.053922
0 0.297386 0.518382 0.058824 0.071078
0 0.608660 1.118873 0.184641 0.306373
0 0.974673 1.636029 0.439542 0.639706
0 0.852124 1.709559 0.259804 0.473039
0 0.986111 1.550245 0.531046 0.762255
0 0.836601 1.334559 0.437908 0.625000
0 1.196078 1.848039 0.683007 1.004902
0 1.316993 1.981618 0.774510 1.080882
0 1.340686 2.053922 0.779412 1.107843
0 0.126634 0.313725 0.236928 0.377451
0 0.620915 1.024510 0.281046 0.397059
