0 0.326797 0.633413 0.169935 0.242788
0 0.469771 0.882212 0.106209 0.163462
0 0.308824 0.582933 0.127451 0.194712
0 0.644608 1.060096 0.259804 0.360577
0 0.023693 0.183894 0.047386 0.093750
0 0.175654 0.387019 0.040850 0.057692
0 0.165850 0.400240 0.321895 0.483173
0 0.429739 0.769231 0.228758 0.336538
0 0.355392 0.674279 0.096405 0.137019
0 0.113562 0.298077 0.227124 0.326923
0 0.167484 0.378606 0.138889 0.204327
0 0.763889 1.268029 0.442810 0.665865
0 0.790033 1.286058 0.387255 0.562500
0 0.553922 0.926683 0.307190 0.454327
