12018
12019
12021
12022
12027
12028
12029
12030
12035
12037
12040
12041
12042
12044
12045
12047
12048
12050
12051
12053
12055
12056
12057
12058
12059
12060
12061
12064
12065
12066
12069
12070
12072
12073
12074
12075
12076
12077
12078
12079
12080
12081
12082
12084
12085
12086
12087
12088
12089
12090
12091
12092
12093
12095
12096
12097
12099
12100
12101
12103
12107
12108
12109
12112
12113
12114
12116
12118
12121
12123
12126
12128
12130
12131
12132
12133
12134
12135
12139
12140
12141
12143
12144
12146
12147
12149
12150
12151
12152
12153
12154
12155
12156
12157
12159
12160
12163
12165
12167
12168
12169
12170
12171
12172
12173
12174
12175
12178
12181
12182
12184
12185
12187
12191
12195
12197
12198
12199
12200
12201
12202
12203
12204
12205
12206
12207
12208
12211
12212
12213
12215
12216
12219
12220
12221
12222
12223
12225
12226
12227
12228
12229
12231
12232
12233
12237
12239
12242
12243
12244
12246
12247
12248
12249
12250
12252
12253
12254
12256
12257
12258
12261
12262
12263
12265
12267
12269
12271
12272
12274
12275
12276
12277
12279
12280
12281
12282
12283
12285
12287
12288
12289
12290
12291
12293
12295
12297
12298
12299
12300
12301
12303
12304
12306
12307
12308
12309
12310
12311
12313
12314
12315
12317
12319
12320
12321
12324
12325
12326
12329
12332
12335
12336
12337
12338
12340
12341
12342
12344
12345
12346
12347
12348
12349
12350
12351
12352
12353
12354
12356
12358
12359
12360
12362
12364
12366
12367
12368
12370
12371
12372
12373
12374
12375
12378
12379
12380
12381
12382
12383
12385
12386
12387
12390
12391
12392
12394
12396
12397
12398
12399
12401
12402
12403
12405
12407
12408
12409
12410
12412
12413
12414
12416
12417
12418
12419
12420
12421
12422
12423
12424
12425
12426
12427
12429
12431
12432
12433
12435
12436
12437
12438
12439
12441
12444
12447
12448
12449
12450
12451
12452
12453
12454
12457
12458
12459
12460
12461
12463
12464
12467
12468
12470
12471
12473
12474
12476
12477
12478
12479
12480
12481
12483
12484
12485
12486
12487
12490
12491
12492
12493
12494
12496
12497
12498
12499
12500
12501
12502
12504
12505
12506
12507
12508
12511
12512
12513
12515
12517
12518
12519
12520
12521
12522
12523
12524
12525
12528
12529
12530
12531
12532
12533
12534
12536
12537
12538
12542
12543
12544
12545
12546
12549
12551
12552
12554
12557
12558
12560
12561
12562
12563
12564
12566
12567
12568
12569
12570
12571
12572
12573
12574
12577
12579
12580
12584
12585
12587
12588
12591
12593
12594
12595
12596
12597
12598
12599
12600
12601
12602
12603
12604
12605
12606
12607
12608
12610
12611
12612
12614
12615
12616
12618
12619
12620
12621
12622
12623
12625
12628
12629
12630
12633
12635
12640
12641
12642
12643
12645
12647
12648
12649
12651
12653
12654
12656
12657
12659
12660
12661
12662
12664
12665
12669
12670
12671
12674
12675
12676
12677
12680
12682
12683
12685
12686
12687
12688
12690
12691
12692
12693
12694
12695
12696
12697
12698
12699
12701
12702
12704
12705
12706
12707
12708
12709
12711
12712
12714
12715
12716
12717
12719
12720
12721
12722
12723
12724
12725
12726
12727
12728
12730
12731
12732
12733
12734
12735
12740
12741
12742
12744
12745
12746
12747
12748
12749
12750
12753
12755
12757
12759
12760
12763
12764
12766
12767
12768
12769
12774
12775
12776
12777
12778
12779
12780
12782
12783
12785
12786
12789
12790
12791
12792
12793
12794
12795
12796
12799
12801
12802
12803
12804
12805
12808
12809
12810
12813
12814
12815
12816
12817
12819
12820
12823
12824
12825
12826
12828
12829
12830
12832
12836
12837
12838
12843
12845
12846
12847
12849
12850
12851
12853
12854
12855
12856
12857
12860
12861
12862
12863
12864
12865
12866
12867
12868
12870
12871
12872
12873
12874
12875
12876
12879
12881
12882
12883
12884
12885
12887
12890
12892
12893
12894
12895
12897
12898
12899
12900
12902
12903
12904
12907
12909
12910
12911
12914
12916
12918
12921
12922
12923
12924
12925
12926
12929
12931
12933
12934
12935
12937
12938
12941
12942
12943
12944
12945
12947
12949
12950
12951
12953
12955
12956
12957
12958
12961
12962
12963
12964
12965
12967
12969
12970
12972
12973
12974
12976
12977
12978
12980
12981
12983
12986
12987
12988
12990
12991
12992
12993
12997
12998
12999
13000
13001
13002
13003
13004
13005
13006
13007
13008
13009
13012
13016
13017
13018
13019
13021
13022
13023
13025
13026
13028
13030
13032
13033
13034
13035
13036
13037
13039
13047
13049
13050
13051
13053
13055
13056
13057
13058
13059
13060
13061
13062
13063
13064
13067
13068
13069
13070
13071
13072
13075
13076
13077
13078
13079
13080
13081
13083
13084
13085
13086
13088
13089
13090
13093
13094
13095
13097
13098
13099
13100
13101
13102
13103
13104
13106
13107
13108
13109
13110
13111
13112
13114
13115
13116
13117
13122
13124
13125
13126
13127
13129
13130
13135
13136
13139
13140
13142
13143
13144
13146
13148
13149
13151
13152
13153
13154
13155
13156
13157
13160
13161
13162
13163
13164
13166
13167
13168
13169
13172
13173
13175
13176
13177
13179
13180
13181
13184
13185
13187
13188
13189
13191
13192
13194
13195
13196
13197
13198
13199
13200
13202
13204
13205
13206
13207
13208
13209
13210
13211
13212
13213
13214
13215
13217
13218
13220
13222
13226
13229
13230
13232
13233
13234
13235
13237
13239
13240
13241
13242
13244
13245
13247
13248
13249
13250
13253
13254
13255
13256
13257
13260
13261
13262
13263
13264
13265
13267
13269
13272
13274
13275
13278
13279
13280
13281
13282
13284
13285
13286
13288
13289
13290
13291
13292
13293
13295
13296
13297
13298
13299
13300
13302
13303
13304
13305
13306
13308
13310
13311
13312
13313
13314
13315
13317
13318
13319
13320
13321
13322
13325
13326
13327
13328
13330
13331
13334
13335
13338
13339
13341
13345
13346
13348
13352
13353
13354
13355
13357
13359
13360
13361
13362
13363
13364
13365
13367
13369
13370
13371
13372
13377
13378
13379
13380
13381
13382
13384
13385
13388
13389
13392
13393
13394
13395
13396
13397
13398
13401
13402
13403
13404
13406
13407
13409
13411
13413
13415
13416
13418
13419
13420
13421
13422
13424
13425
13426
13427
13428
13431
13434
13435
13437
13440
13441
13442
13444
13445
13446
13447
13448
13450
13452
13454
13455
13456
13459
13460
13461
13462
13463
13464
13465
13466
13467
13469
13470
13471
13472
13473
13474
13475
13476
13477
13478
13479
13480
13481
13482
13483
13484
13486
13487
13488
13489
13491
13492
13495
13496
13497
13498
13502
13503
13504
13508
13509
13510
13512
13513
13515
13516
13517
13518
13519
13520
13521
13524
13525
13526
13530
13531
13532
13533
13535
13536
13537
13538
13540
13541
13542
13543
13544
13546
13547
13549
13551
13552
13554
13555
13557
13559
13560
13561
13562
13563
13564
13566
13568
13569
13570
13573
13574
13575
13576
13578
13579
13581
13582
13583
13584
13585
13586
13587
13588
13589
13590
13591
13592
13596
13597
13599
13602
13603
13604
13605
13606
13607
13609
13610
13611
13613
13615
13616
13618
13619
13621
13622
13624
13626
13627
13629
13630
13631
13632
13635
13636
13637
13640
13641
13642
13644
13646
13647
13648
13649
13650
13651
13652
13653
13654
13655
13657
13658
13659
13662
13664
13665
13666
13667
13669
13670
13671
13672
13675
13676
13677
13678
13679
13680
13682
13683
13686
13687
13688
13691
13692
13693
13694
13695
13696
13699
13701
13704
13705
13706
13707
13708
13710
13713
13714
13715
13716
13717
13718
13719
13720
13722
13723
13724
13725
13727
13731
13732
13733
13735
13736
13737
13738
13739
13740
13741
13742
13743
13744
13747
13748
13749
13751
13752
13753
13754
13755
13756
13759
13760
13761
13762
13763
13764
13766
13768
13769
13770
13772
13773
13775
13777
13778
13779
13780
13782
13783
13786
13789
13790
13791
13793
13794
13795
13797
13798
13799
13800
13802
13805
13806
13807
13808
13812
13813
13817
13819
13820
13821
13822
13823
13824
13826
13828
13829
13830
13831
13833
13834
13836
13837
13838
13839
13840
13841
13842
13843
13844
13845
13846
13847
13848
13849
13850
13852
13853
13854
13857
13858
13861
13862
13864
13865
13866
13871
13872
13875
13878
13880
13881
13882
13884
13885
13886
13887
13890
13892
13894
13895
13896
13897
13898
13899
13900
13903
13906
13907
13908
13912
13913
13914
13915
13916
13917
13919
13921
13924
13925
13927
13928
13929
13931
13932
13934
13935
13936
13937
13940
13941
13942
13945
13947
13950
13951
13952
13953
13954
13955
13956
13957
13958
13960
13961
13962
13963
13964
13966
13967
13968
13969
13970
13971
13972
13974
13978
13979
13980
13982
13983
13985
13987
13988
13989
13990
13992
13993
13995
13996
13997
13999
14000
14001
14002
14003
14004
14007
14008
14010
14012
14013
14015
14017
14018
14020
14022
14023
14025
14026
14028
14030
14032
14033
14034
14036
14037
14039
14041
14043
14044
14047
14048
14049
14050
14052
14053
14054
14057
14059
14061
14062
14064
14065
14067
14068
14069
14070
14071
14072
14073
14074
14075
14076
14077
14078
14079
14080
14081
14082
14083
14084
14085
14086
14087
14088
14089
14090
14092
14096
14097
14098
14101
14104
14108
14109
14110
14111
14112
14116
14118
14119
14120
14122
14124
14125
14126
14127
14128
14129
14130
14133
14134
14135
14136
14138
14139
14143
14144
14145
14146
14147
14148
14149
14150
14151
14152
14153
14154
14156
14158
14159
14160
14161
14162
14164
14165
14166
14167
14169
14171
14172
14174
14177
14178
14181
14182
14186
14187
14189
14191
14192
14193
14196
14198
14201
14202
14203
14204
14205
14206
14207
14208
14209
14210
14211
14213
14214
14215
14216
14218
14219
14221
14222
14225
14226
14227
14229
14230
14231
14232
14233
14235
14236
14237
14238
14241
14242
14243
14244
14245
14247
14248
14250
14252
14253
14254
14256
14259
14261
14262
14263
14264
14265
14266
14268
14269
14270
14271
14272
14273
14275
14276
14277
14278
14279
14281
14282
14283
14284
14285
14287
14288
14289
14290
14291
14292
14293
14294
14295
14297
14299
14300
14301
14303
14304
14305
14306
14308
14309
14311
14312
14313
14314
14316
14317
14319
14320
14321
14323
14324
14325
14327
14328
14329
14331
14332
14334
14336
14337
14339
14341
14344
14346
14347
14350
14351
14352
14353
14354
14356
14358
14359
14360
14361
14362
14363
14364
14365
14366
14367
14368
14371
14372
14375
14376
14378
14379
14383
14384
14385
14387
14388
14389
14390
14391
14392
14394
14395
14397
14398
14400
14402
14403
14404
14406
14407
14408
14409
14412
14413
14414
14416
14417
14418
14419
14421
14422
14423
14424
14428
14429
14430
14431
14432
14433
14436
14437
14438
14442
14443
14444
14445
14446
14447
14448
14449
14450
14451
14452
14453
14454
14455
14456
14457
14458
14459
14461
14462
14463
14465
14466
14469
14470
14471
14472
14476
14477
14478
14479
14480
14481
14483
14484
14485
14486
14490
14491
14492
14495
14496
14499
14500
14501
14503
14505
14507
14509
14511
14512
14513
14514
14515
14516
14517
14519
14520
14521
14522
14523
14524
14525
14526
14527
14528
14529
14530
14532
14533
14534
14535
14536
14537
14538
14539
14540
14541
14542
14545
14546
14547
14548
14549
14550
14551
14552
14553
14554
14555
14556
14557
14560
14561
14562
14564
14565
14566
14567
14569
14570
14572
14573
14576
14577
14578
14579
14580
14581
14583
14584
14585
14587
14588
14590
14594
14595
14596
14597
14598
14600
14601
14602
14603
14604
14605
14606
14607
14608
14610
14611
14612
14616
14617
14618
14620
14621
14624
14625
14626
14627
14628
14629
14631
14632
14633
14634
14636
14637
14639
14640
14641
14643
14645
14646
14647
14648
14650
14652
14654
14656
14657
14660
14661
14662
14663
14665
14668
14669
14670
14672
14673
14674
14675
14676
14677
14678
14679
14680
14683
14685
14686
14690
14691
14692
14693
14694
14696
14697
14699
14702
14703
14704
14705
14706
14707
14708
14709
14711
14713
14714
14715
14716
14717
14719
14720
14721
14722
14723
14725
14728
14729
14730
14732
14733
14734
14735
14736
14737
14740
14744
14747
14748
14749
14750
14752
14753
14754
14755
14756
14757
14758
14759
14760
14761
14763
14764
14765
14766
14767
14769
14770
14771
14772
14773
14775
14776
14777
14778
14779
14781
14782
14784
14785
14787
14788
14789
14790
14791
14792
14794
14796
14797
14799
14800
14802
14803
14805
14806
14808
14809
14810
14811
14812
14813
14814
14815
14816
14819
14821
14823
14826
14829
14831
14832
14833
14834
14835
14838
14839
14840
14841
14843
14844
14845
14846
14847
14849
14850
14851
14852
14853
14854
14855
14856
14858
14859
14861
14863
14865
14866
14867
14869
14870
14871
14875
14877
14878
14880
14881
14882
14883
14884
14885
14886
14887
14888
14889
14892
14894
14895
14897
14899
14900
14901
14903
14904
14905
14906
14907
14908
14911
14914
14915
14916
14918
14919
14920
14921
14922
14924
14925
14926
14928
14929
14930
14932
14933
14934
14935
14936
14937
14938
14939
14943
14944
14946
14947
14948
14949
14950
14951
14952
14953
14954
14956
14958
14959
14960
14961
14963
14964
14966
14967
14968
14969
14970
14971
14972
14974
14975
14980
14981
14982
14983
14984
14986
14987
14988
14990
14991
14992
14995
14996
14997
14999
15000
15001
15003
15004
15005
15006
15007
15008
15013
15015
15016
15017
15018
15020
15021
15023
15025
15026
15027
15028
15029
15032
15033
15036
15037
15038
15039
15040
15041
15042
15043
15044
15045
15046
15048
15049
15052
15053
15054
15056
15057
15059
15060
15061
15067
15068
15069
15070
15072
15073
15074
15075
15076
15078
15082
15083
15084
15086
15087
15088
15089
15090
15091
15092
15093
15094
15095
15096
15098
15100
15102
15103
15104
15105
15106
15107
15109
15110
15112
15114
15115
15116
15118
15119
15120
15121
15122
15123
15124
15125
15126
15127
15128
15129
15131
15133
15134
15135
15137
15138
15139
15140
15141
15142
15144
15145
15146
15147
15148
15150
15151
15152
15154
15155
15156
15158
15159
15160
15162
15163
15164
15166
15167
15168
15169
15170
15172
15173
15174
15175
15176
15177
15178
15179
15180
15181
15182
15183
15185
15186
15187
15188
15189
15192
15193
15194
15196
15198
15199
15200
15202
15203
15206
15208
15210
15212
15213
15214
15215
15216
15217
15218
15219
15220
15221
15223
15224
15225
15226
15227
15229
15230
15232
15233
15235
15237
15240
15241
15242
15243
15247
15248
15249
15252
15253
15254
15255
15256
15257
15258
15259
15260
15261
15265
15267
15270
15271
15272
15273
15274
15275
15276
15277
15278
15279
15280
15282
15284
15285
15287
15289
15291
15292
15294
15295
15296
15298
15299
15301
15302
15303
15304
15305
15306
15307
15308
15309
15313
15314
15315
15316
15320
15321
15323
15324
15326
15327
15329
15330
15331
15333
15334
15337
15343
15345
15349
15350
15351
15352
15353
15354
15356
15357
15359
15360
15361
15363
15364
15366
15367
15372
15373
15375
15376
15377
15378
15379
15382
15384
15385
15386
15387
15389
15391
15393
15395
15397
15398
15399
15400
15401
15406
15407
15408
15409
15410
15412
15413
15415
15416
15418
15419
15420
15421
15422
15423
15424
15425
15426
15427
15428
15429
15430
15431
15433
15435
15436
15437
15438
15439
15440
15441
15442
15443
15444
15445
15446
15447
15448
15449
15450
15451
15454
15455
15459
15460
15461
15463
15464
15465
15466
15467
15468
15469
15470
15472
15473
15477
15478
15479
15481
15482
15483
15484
15485
15486
15487
15489
15491
15493
15494
15495
15496
15497
15498
15499
15500
15502
15503
15504
15505
15507
15508
15509
15510
15511
15512
15513
15514
15515
15516
15518
15519
15521
15522
15524
15525
15527
15528
15529
15533
15534
15536
15538
15539
15540
15541
15542
15543
15544
15545
15546
15550
15551
15554
15555
15556
15557
15558
15559
15560
15562
15563
15564
15565
15567
15571
15573
15574
15575
15576
15577
15579
15580
15581
15582
15585
15586
15587
15588
15589
15591
15592
15593
15594
15595
15596
15597
15598
15599
15600
15603
15604
15605
15606
15607
15609
15610
15611
15613
15614
15615
15617
15618
15619
15620
15621
15622
15623
15625
15626
15627
15628
15630
15631
15632
15633
15634
15635
15636
15637
15638
15639
15642
15645
15646
15647
15650
15652
15653
15655
15656
15659
15662
15663
15664
15665
15666
15667
15668
15669
15671
15672
15673
15674
15676
15677
15678
15679
15680
15682
15683
15685
15687
15688
15691
15693
15695
15697
15698
15700
15701
15702
15704
15705
15708
15709
15710
15711
15714
15715
15716
15717
15718
15719
15720
15721
15723
15724
15726
15728
15730
15732
15734
15735
15736
15737
15739
15740
15746
15747
15748
15749
15752
15753
15754
15755
15756
15757
15758
15759
15760
15761
15764
15765
15766
15767
15768
15770
15772
15773
15774
15775
15776
15778
15780
15782
15783
15784
15785
15786
15787
15789
15790
15792
15793
15794
15795
15796
15797
15798
15799
15801
15802
15803
15804
15805
15806
15809
15810
15811
15812
15813
15814
15817
15819
15821
15822
15824
15826
15827
15828
15829
15830
15832
15834
15835
15837
15838
15840
15841
15842
15843
15844
15845
15847
15848
15849
15850
15852
15853
15854
15855
15856
15858
15860
15861
15862
15863
15864
15865
15866
15867
15868
15871
15873
15874
15875
15876
15877
15879
15880
15881
15882
15883
15884
15885
15889
15890
15891
15892
15893
15895
15896
15897
15900
15901
15902
15903
15905
15906
15909
15910
15911
15912
15913
15915
15916
15917
15921
15923
15924
15928
15929
15930
15931
15933
15934
15935
15936
15938
15939
15940
15942
15943
15944
15945
15947
15949
15951
15954
15955
15957
15958
15959
15963
15964
15965
15966
15967
15968
15971
15972
15975
15976
15977
15978
15979
15980
15981
15982
15983
15985
15986
15987
15988
15989
15990
15992
15993
15994
15998
16000
16001
16003
16004
16005
16006
16008
16011
16012
16014
16016
16017
16018
16020
16023
16025
16027
16028
16029
16030
16031
16032
16034
16035
16036
16038
16039
16040
16041
16046
16048
16049
16050
16051
16052
16053
16054
16056
16057
16058
16059
16062
16065
16066
16068
16069
16070
16072
16073
16074
16075
16076
16077
16079
16080
16081
16083
16085
16086
16087
16088
16089
16091
16093
16096
16097
16099
16100
16101
16102
16105
16106
16108
16110
16111
16113
16114
16116
16117
16120
16122
16124
16125
16126
16128
16130
16131
16132
16133
16134
16135
16136
16137
16138
16139
16141
16142
16144
16145
16146
16148
16149
16150
16151
16152
16156
16158
16159
16160
16161
16162
16163
16164
16165
16167
16168
16169
16171
16172
16173
16175
16176
16177
16178
16179
16180
16182
16183
16184
16185
16186
16187
16189
16190
16191
16192
16193
16194
16195
16196
16197
16198
16199
16200
16202
16203
16204
16209
16210
16211
16212
16213
16214
16215
16216
16217
16218
16219
16221
16222
16223
16227
16229
16231
16234
16235
16237
16238
16239
16240
16241
16242
16243
16244
16247
16250
16251
16252
16253
16254
16255
16258
16259
16260
16261
16262
16263
16264
16268
16270
16272
16274
16275
16277
16280
16281
16282
16283
16285
16286
16288
16289
16291
16292
16293
16294
16295
16296
16301
16305
16306
16309
16310
16311
16312
16314
16315
16318
16319
16320
16321
16322
16323
16324
16326
16327
16328
16330
16332
16333
16334
16335
16337
16338
16339
16341
16342
16343
16346
16347
16348
16351
16353
16354
16355
16356
16357
16358
16359
16360
16361
16362
16364
16365
16366
16369
16372
16373
16374
16376
16377
16379
16380
16381
16383
16385
16387
16389
16390
16391
16393
16394
16395
16397
16398
16400
16402
16403
16404
16405
16406
16407
16408
16410
16411
16413
16414
16416
16417
16418
16420
16423
16425
16427
16428
16429
16431
16434
16435
16436
16437
16439
16440
16441
16443
16445
16446
16447
16448
16450
16451
16452
16453
16454
16455
16460
16461
16463
16464
16465
16467
16469
16470
16473
16474
16475
16476
16477
16478
16483
16484
16487
16488
16489
16491
16492
16493
16494
16495
16497
16498
16499
16500
16501
16502
16504
16505
16509
16510
16512
16513
16516
16517
16518
16520
16521
16522
16526
16527
16528
16530
16531
16532
16534
16535
16536
16538
16539
16540
16542
16543
16544
16545
16546
16547
16548
16549
16551
16553
16554
16555
16556
16560
16561
16562
16563
16564
16567
16569
16570
16571
16572
16573
16574
16575
16576
16577
16578
16579
16582
16583
16587
16589
16590
16592
16593
16595
16596
16598
16599
16600
16601
16602
16606
16607
16608
16609
16612
16614
16617
16618
16619
16620
16622
16623
16628
16629
16631
16635
16638
16639
16641
16643
16644
16645
16646
16648
16650
16651
16652
16653
16654
16655
16658
16662
16663
16665
16666
16667
16668
16669
16670
16671
16674
16675
16676
16677
16678
16679
16681
16683
16685
16686
16687
16688
16689
16690
16691
16692
16693
16694
16695
16696
16698
16699
16701
16702
16703
16704
16705
16706
16707
16708
16709
16710
16711
16712
16713
16714
16716
16717
16718
16720
16721
16722
16724
16725
16726
16729
16730
16731
16733
16734
16736
16737
16738
16740
16741
16742
16743
16744
16745
16746
16747
16748
16750
16753
16754
16755
16756
16757
16758
16760
16761
16762
16764
16767
16768
16769
16770
16772
16773
16774
16775
16776
16778
16780
16781
16782
16783
16784
16785
16790
16792
16793
16794
16796
16797
16800
16801
16803
16804
16805
16809
16810
16812
16813
16814
16816
16818
16821
16826
16827
16829
16834
16835
16836
16837
16838
16839
16840
16842
16843
16844
16845
16846
16849
16852
16853
16854
16855
16856
16857
16860
16861
16864
16865
16866
16868
16869
16870
16871
16873
16875
16876
16877
16878
16879
16880
16882
16883
16885
16886
16890
16892
16893
16894
16895
16897
16900
16901
16906
16907
16908
16909
16911
16915
16916
16917
16919
16920
16921
16924
16925
16929
16930
16931
16932
16934
16935
16936
16937
16938
16939
16940
16941
16942
16945
16946
16947
16948
16951
16952
16953
16954
16955
16956
16959
16960
16961
16963
16964
16965
16966
16967
16970
16972
16973
16974
16975
16977
16979
16980
16981
16983
16985
16986
16987
16988
16989
16990
16992
16994
16995
16997
16998
16999
17000
17001
17003
17004
17005
17006
17007
17009
17010
17011
17012
17013
17015
17016
17017
17020
17021
17022
17023
17025
17026
17027
17028
17031
17033
17034
17035
17036
17037
17038
17040
17041
17042
17043
17044
17045
17046
17047
17048
17049
17050
17051
17053
17055
17057
17059
17060
17061
17062
17063
17065
17068
17069
17070
17072
17073
17074
17076
17078
17080
17081
17084
17086
17087
17088
17090
17091
17092
17093
17094
17097
17099
17100
17104
17105
17107
17111
17112
17114
17115
17117
17118
17119
17121
17122
17124
17125
17126
17128
17129
17130
17131
17134
17137
17138
17139
17140
17141
17142
17143
17144
17147
17148
17149
17150
17151
17152
17153
17154
17155
17156
17157
17158
17159
17161
17162
17163
17165
17166
17167
17168
17171
17173
17174
17176
17177
17178
17179
17181
17182
17183
17185
17186
17187
17188
17189
17190
17191
17195
17196
17197
17198
17199
17202
17204
17206
17207
17208
17210
17211
17213
17215
17217
17220
17221
17222
17223
17224
17226
17227
17228
17229
17230
17231
17232
17233
17234
17235
17236
17238
17239
17240
17241
17242
17243
17244
17247
17248
17249
17250
17251
17253
17254
17255
17256
17257
17258
17259
17261
17262
17263
17264
17265
17268
17269
17270
17271
17272
17273
17279
17280
17281
17282
17283
17284
17285
17286
17288
17289
17290
17291
17294
17295
17296
17297
17299
17301
17302
17304
17305
17306
17307
17308
17309
17310
17311
17312
17313
17314
17316
17317
17319
17322
17323
17324
17325
17326
17327
17328
17329
17330
17331
17332
17333
17334
17336
17337
17338
17339
17340
17341
17342
17344
17345
17346
17348
17349
17351
17353
17354
17355
17356
17357
17359
17361
17362
17363
17364
17366
17368
17370
17371
17372
17374
17375
17377
17378
17380
17381
17382
17383
17385
17386
17387
17389
17393
17395
17396
17397
17398
17399
17400
17401
17402
17403
17404
17405
17406
17407
17408
17409
17411
17413
17414
17415
17416
17417
17418
17421
17422
17423
17424
17426
17427
17428
17429
17430
17431
17433
17434
17436
17437
17438
17439
17440
17441
17442
17444
17446
17449
17451
17453
17455
17456
17457
17459
17463
17464
17465
17466
17470
17471
17472
17473
17474
17475
17476
17477
17478
17479
17480
17481
17482
17483
17484
17485
17486
17487
17488
17489
17490
17491
17495
17496
17497
17499
17501
17502
17503
17505
17506
17507
17511
17512
17513
17514
17515
17517
17518
17519
17520
17521
17522
17523
17524
17525
17527
17528
17529
17530
17531
17532
17533
17534
17537
17539
17540
17541
17544
17546
17547
17548
17549
17550
17551
17552
17553
17554
17555
17556
17557
17558
17559
17562
17563
17564
17565
17567
17568
17569
17570
17571
17572
17575
17576
17579
17580
17581
17582
17583
17584
17586
17587
17590
17593
17594
17595
17596
17597
17598
17600
17601
17603
17604
17605
17606
17607
17608
17609
17610
17611
17612
17613
17616
17617
17618
17619
17620
17621
17622
17623
17627
17628
17629
17631
17632
17634
17635
17636
17637
17638
17639
17640
17641
17643
17644
17645
17646
17647
17649
17651
17652
17655
17658
17659
17660
17661
17662
17664
17666
17668
17669
17670
17672
17673
17677
17679
17680
17682
17683
17684
17685
17686
17689
17691
17692
17695
17698
17700
17702
17703
17704
17707
17708
17710
17711
17712
17714
17717
17719
17720
17721
17722
17723
17724
17726
17727
17728
17729
17731
17732
17734
17735
17737
17738
17739
17740
17741
17742
17743
17745
17746
17748
17749
17750
17752
17753
17754
17756
17757
17758
17759
17761
17762
17763
17764
17766
17767
17769
17770
17774
17776
17777
17779
17781
17784
17786
17787
17788
17789
17792
17793
17794
17795
17796
17798
17799
17800
17802
17804
17806
17807
17808
17809
17811
17812
17814
17815
17816
17817
17818
17819
17820
17822
17826
17828
17829
17831
17832
17833
17834
17836
17837
17838
17841
17842
17843
17844
17845
17851
17852
17853
17854
17857
17858
17859
17862
17863
17864
17865
17866
17867
17868
17869
17871
17872
17873
17875
17876
17878
17879
17880
17881
17882
17883
17885
17886
17887
17888
17889
17890
17894
17895
17896
17897
17899
17900
17902
17903
17906
17907
17908
17909
17913
17914
17916
17918
17920
17921
17922
17924
17926
17927
17928
17929
17930
17931
17932
17936
17937
17938
17939
17940
17941
17943
17946
17947
17948
17949
17950
17951
17954
17956
17957
17958
17959
17961
17963
17964
17965
17966
17967
17970
17971
17972
17973
17974
17975
17976
17977
17978
17980
17983
17984
17985
17988
17989
17990
17993
17995
17996
17997
17999
18000
18001
18006
18007
18008
18009
18010
18011
18012
18015
18016
18018
18020
18021
18023
18024
18025
18027
18028
18029
18032
18033
18035
18036
18037
18040
18041
18042
18043
18044
18045
18047
18049
18050
18051
18052
18054
18055
18056
18058
18059
18060
18063
18064
18065
18068
18069
18071
18072
18075
18076
18077
18078
18079
18081
18082
18083
18084
18085
18086
18087
18088
18089
18090
18091
18092
18093
18094
18095
18096
18097
18098
18099
18100
18103
18105
18107
18109
18110
18111
18112
18113
18115
18116
18119
18120
18121
18123
18124
18125
18127
18128
18129
18130
18131
18132
18133
18134
18136
18137
18139
18142
18143
18144
18145
18146
18147
18150
18153
18154
18155
18156
18159
18164
18165
18166
18167
18168
18169
18170
18173
18174
18175
18176
18177
18178
18180
18183
18185
18187
18188
18189
18190
18191
18192
18194
18195
18196
18200
18201
18203
18204
18205
18207
