0 0.829248 1.311275 0.517974 0.750000
0 0.500000 0.971814 0.084967 0.164216
0 0.371732 0.725490 0.063725 0.122549
0 0.357843 0.676471 0.065359 0.068627
0 0.315359 0.566176 0.094771 0.132353
0 0.571895 1.046569 0.205882 0.308824
0 0.817810 1.367647 0.390523 0.519608
0 0.647876 1.080882 0.344771 0.495098
0 0.467320 0.819853 0.209150 0.296569
0 0.171569 0.379902 0.107843 0.176471
0 0.080882 0.226716 0.151961 0.272059
0 1.366830 2.126225 0.897059 1.316176
0 0.133987 0.290441 0.019608 0.022059
0 0.305556 0.500000 0.143791 0.181373
0 0.630719 1.015931 0.379085 0.556373
0 0.520425 0.811275 0.299020 0.401961
0 0.412582 0.703431 0.227124 0.308824
0 1.138072 1.763480 0.727124 1.080882
0 1.373366 2.067402 0.825163 1.134804
0 1.083333 1.763480 0.637255 0.938725
0 0.993464 1.579657 0.620915 0.904412
