0 0.560458 0.912114 0.179739 0.247031
0 0.498366 0.760095 0.147059 0.156770
0 0.405229 0.637767 0.068627 0.040380
0 0.305556 0.530879 0.000000 0.021378
0 0.218137 0.407363 0.004902 0.045131
0 0.272876 0.504751 0.068627 0.154394
0 0.207516 0.420428 0.156863 0.280285
0 0.133987 0.308789 0.183007 0.323040
0 0.849673 1.330166 0.352941 0.489311
0 0.738562 1.130641 0.300654 0.365796
0 1.285948 1.902613 0.673203 0.912114
0 1.092320 1.682898 0.537582 0.786223
0 1.046569 1.576010 0.449346 0.615202
0 0.943627 1.400238 0.416667 0.558195
