0 0.803922 1.370098 0.532680 0.794118
0 0.526144 0.916667 0.346405 0.500000
0 0.365196 0.678922 0.227124 0.284314
0 0.555556 0.897059 0.176471 0.254902
0 0.750000 1.311275 0.169935 0.259804
0 1.293301 2.068627 0.805556 1.137255
0 0.517157 0.830882 0.178105 0.279412
0 0.463235 0.756127 0.145425 0.223039
0 0.149510 0.439951 0.096405 0.178922
0 0.234477 0.623775 0.446078 0.600490
0 0.416667 0.638480 0.107843 0.115196
0 1.127451 1.884804 0.748366 1.186275
0 0.683824 1.111520 0.282680 0.438725
0 1.004085 1.645833 0.482026 0.590686
0 0.461601 0.738971 0.125817 0.164216
0 1.002451 1.660539 0.609477 0.879902
0 0.820261 1.441176 0.457516 0.691176
0 0.492647 1.136029 0.236928 0.522059
0 0.130719 0.486520 0.016340 0.046569
0 0.093137 0.411765 0.179739 0.485294
