0 0.158497 0.363747 0.068627 0.017032
0 0.572712 1.109489 0.253268 0.481752
0 0.613562 0.961071 0.220588 0.316302
0 0.544935 0.852798 0.178105 0.250608
0 0.327614 0.631387 0.155229 0.211679
0 0.341503 0.684915 0.101307 0.172749
0 0.441993 0.798054 0.210784 0.321168
0 0.573529 0.961071 0.323529 0.457421
0 0.730392 1.188564 0.428105 0.600973
0 0.875000 1.406326 0.488562 0.700730
0 1.057190 1.712895 0.604575 0.871046
0 0.776144 1.246959 0.388889 0.552311
0 1.211601 1.945255 0.697712 1.019465
0 0.205065 0.510949 0.057190 0.141119
0 0.296569 0.633820 0.184641 0.304136
0 0.734477 1.257908 0.168301 0.189781
0 0.908497 1.619221 0.415033 0.635036
0 1.011438 1.579075 0.620915 0.890511
