0 0.238562 0.409817 0.039216 0.038813
0 0.428105 0.680365 0.176471 0.242009
0 0.560458 0.850457 0.271242 0.358447
0 0.663399 1.027397 0.333333 0.470320
0 0.866830 1.297945 0.531046 0.723744
0 1.029412 1.555936 0.617647 0.888128
0 0.984477 1.470320 0.531046 0.739726
0 0.810458 1.226027 0.366013 0.497717
0 0.642974 1.013699 0.233660 0.305936
0 0.501634 0.779680 0.133987 0.166667
0 0.342320 0.578767 0.044118 0.061644
0 0.327614 0.542237 0.132353 0.184932
0 1.151961 1.714612 0.637255 0.899543
0 0.147059 0.297945 0.107843 0.171233
