0 0.560458 0.967363 0.218954 0.352480
0 0.357843 0.656658 0.065359 0.101828
0 0.928105 1.560052 0.532680 0.848564
0 0.228758 0.443864 0.385621 0.616188
0 0.360294 0.657963 0.031046 0.052219
0 0.845588 1.430809 0.380719 0.605744
0 0.781863 1.321149 0.370915 0.595300
0 0.454248 0.814621 0.098039 0.161880
0 0.109477 0.257180 0.169935 0.274151
0 0.934641 1.573107 0.418301 0.665796
0 0.261438 0.486945 0.140523 0.221932
0 0.946078 1.597911 0.395425 0.631854
0 0.674020 1.159269 0.449346 0.720627
0 0.220588 0.430809 0.058824 0.088773
0 0.351307 0.640992 0.094771 0.148825
0 0.160948 0.336815 0.047386 0.073107
0 1.235294 2.049608 0.666667 1.060052
0 0.130719 0.292428 0.078431 0.125326
0 0.982026 1.640992 0.637255 1.020888
0 0.321078 0.579634 0.044118 0.067885
0 1.068627 1.785901 0.513072 0.819843
0 0.156046 0.332898 0.302288 0.477807
0 0.306373 0.574413 0.102941 0.167102
0 0.993464 1.669713 0.395425 0.629243
0 0.022059 0.095300 0.044118 0.091384
0 0.839052 1.422977 0.403595 0.647520
0 1.348856 2.238903 0.841503 1.344648
0 1.243464 2.065274 0.722222 1.148825
0 0.116013 0.270235 0.032680 0.054830
0 0.955882 1.621410 0.637255 1.039164
0 0.251634 0.483029 0.339869 0.537859
0 0.206699 0.411227 0.325163 0.519582
0 1.289216 2.137076 0.738562 1.177546
0 0.292484 0.549608 0.120915 0.195822
0 0.531046 0.917755 0.228758 0.362924
0 0.203431 0.407311 0.112745 0.177546
0 0.533497 0.932115 0.299020 0.475196
0 0.850490 1.434726 0.331699 0.524804
0 0.258170 0.493473 0.133987 0.219321
0 0.705065 1.207572 0.312092 0.498695
0 1.130719 1.877285 0.473856 0.757180
0 1.256536 2.091384 0.627451 1.002611
0 0.419935 0.738903 0.140523 0.224543
0 0.841503 1.433420 0.271242 0.438642
0 0.392974 0.715405 0.210784 0.339426
0 1.126634 1.885117 0.586601 0.939948
0 0.163399 0.344648 0.192810 0.308094
0 0.154412 0.317232 0.096405 0.154047
0 0.863562 1.463446 0.455882 0.728460
0 0.316993 0.588773 0.150327 0.237598
0 0.584150 1.010444 0.377451 0.610966
0 0.736111 1.251958 0.374183 0.592689
0 1.036765 1.727154 0.452614 0.723238
0 0.745098 1.288512 0.277778 0.441253
0 0.285948 0.539164 0.212418 0.336815
0 0.162582 0.328982 0.011438 0.020888
0 1.370915 2.261097 0.908497 1.451697
0 0.817810 1.372063 0.459150 0.728460
0 1.027778 1.712794 0.614379 0.981723
0 0.644608 1.097911 0.292484 0.467363
0 1.132353 1.900783 0.754902 1.221932
0 1.182190 1.973890 0.668301 1.070496
0 0.682190 1.176240 0.383987 0.618799
0 0.666667 1.146214 0.245098 0.391645
0 0.218137 0.419060 0.076797 0.117493
0 0.967320 1.621410 0.539216 0.866841
0 0.440359 0.785901 0.197712 0.318538
0 1.049020 1.761097 0.571895 0.916449
0 0.756536 1.276762 0.218954 0.349869
0 1.205065 2.006527 0.730392 1.167102
0 1.251634 2.074413 0.794118 1.271540
0 0.469771 0.835509 0.155229 0.250653
0 0.551471 0.973890 0.161765 0.250653
0 0.397059 0.716710 0.026144 0.044386
0 1.023693 1.712794 0.508170 0.809399
0 0.959150 1.607050 0.493464 0.791123
0 0.580065 0.996084 0.313725 0.498695
