0 0.982026 1.388889 0.627451 0.848889
0 0.053922 0.133333 0.052288 0.071111
0 0.410948 0.683333 0.138889 0.188889
0 0.270425 0.510000 0.021242 0.024444
0 0.183824 0.307778 0.099673 0.135556
0 0.391340 0.618889 0.204248 0.277778
0 0.906863 1.284444 0.588235 0.800000
0 1.044118 1.510000 0.630719 0.860000
0 0.727124 1.073333 0.343137 0.466667
0 1.109477 1.614444 0.591503 0.806667
0 0.087418 0.202222 0.066993 0.088889
0 0.090686 0.216667 0.181373 0.286667
0 0.607026 0.897778 0.334967 0.457778
0 0.322712 0.515556 0.207516 0.275556
0 0.505719 0.772222 0.325163 0.442222
0 0.665033 0.992222 0.415033 0.566667
0 0.261438 0.471111 0.032680 0.057778
0 0.075980 0.187778 0.014706 0.020000
0 1.347222 1.878889 0.789216 1.037778
0 0.575980 0.895556 0.269608 0.377778
0 0.236928 0.425556 0.117647 0.162222
0 1.073529 1.511111 0.696078 0.946667
0 1.152778 1.648889 0.671569 0.911111
0 0.845588 1.253333 0.452614 0.613333
0 0.778595 1.122222 0.491830 0.671111
0 0.109477 0.274444 0.019608 0.028889
0 0.758987 1.126667 0.439542 0.591111
0 1.300654 1.854444 0.774510 1.055556
