0 0.626634 1.015931 0.308824 0.463235
0 0.934641 1.477941 0.565359 0.848039
0 0.988562 1.557598 0.588235 0.879902
0 0.352124 0.594363 0.178105 0.267157
0 0.452614 0.745098 0.222222 0.333333
0 0.852124 1.345588 0.511438 0.769608
0 0.236928 0.433824 0.065359 0.098039
0 0.143791 0.280637 0.009804 0.017157
0 0.727124 1.166667 0.395425 0.593137
0 0.312092 0.533088 0.104575 0.154412
0 0.500000 0.821078 0.241830 0.357843
0 0.575980 0.939951 0.282680 0.424020
0 0.655229 1.055147 0.372549 0.556373
0 0.500000 0.830882 0.284314 0.431373
0 0.779412 1.240196 0.415033 0.617647
