0 0.457516 0.862797 0.209150 0.374670
0 0.464052 0.845646 0.179739 0.298153
0 0.434641 0.763852 0.120915 0.160950
0 0.536765 0.941953 0.200980 0.290237
0 0.580882 1.014512 0.279412 0.419525
0 1.015523 1.751979 0.531046 0.849604
0 0.711601 1.224274 0.370915 0.580475
0 0.868464 1.509235 0.390523 0.622691
0 0.784314 1.327177 0.369281 0.554090
0 0.857843 1.449868 0.447712 0.683377
0 0.182190 0.410290 0.044118 0.097625
0 1.102124 1.877309 0.619281 1.000000
0 0.364379 0.664908 0.101307 0.131926
0 0.267974 0.481530 0.055556 0.039578
