0 0.052288 0.208845 0.035948 0.049140
0 0.185458 0.406634 0.106209 0.154791
0 1.071078 1.766585 0.714052 1.110565
0 0.305556 0.583538 0.133987 0.208845
0 0.503268 0.857494 0.303922 0.461916
0 0.772059 1.390663 0.377451 0.570025
0 0.419935 0.726044 0.248366 0.371007
0 1.141340 1.867322 0.648693 0.992629
0 0.585784 1.014742 0.370915 0.560197
0 0.718137 1.205160 0.472222 0.719902
0 0.916667 1.513514 0.591503 0.894349
0 0.499183 0.961916 0.250000 0.361179
0 0.687092 1.187961 0.341503 0.513514
0 0.825980 1.390663 0.550654 0.850123
