0 1.155229 1.835784 0.584967 0.857843
0 1.000817 1.724265 0.321895 0.502451
0 0.731209 1.502451 0.102941 0.338235
0 1.136438 1.830882 0.756536 1.181373
0 0.588235 1.023284 0.284314 0.409314
0 0.683824 1.194853 0.272876 0.379902
0 0.297386 0.609069 0.124183 0.159314
0 0.950980 1.599265 0.581699 0.899510
0 0.785131 1.335784 0.501634 0.784314
0 0.315359 0.667892 0.209150 0.365196
0 0.026961 0.161765 0.047386 0.083333
0 0.990196 1.606618 0.477124 0.693627
0 1.391340 2.197304 0.926471 1.394608
0 0.102941 0.363971 0.084967 0.139706
