0 1.061275 1.637255 0.606209 0.887255
0 0.801471 1.280637 0.452614 0.703431
0 0.908497 1.526961 0.493464 0.750000
0 1.004902 1.577206 0.598039 0.889706
0 1.259804 1.973039 0.758170 1.112745
0 0.897876 1.397059 0.517974 0.779412
0 0.745098 1.204657 0.395425 0.566176
0 0.204248 0.390931 0.006536 0.007353
0 0.486111 0.856618 0.151961 0.198529
0 0.705882 1.216912 0.310458 0.487745
0 0.551471 1.034314 0.155229 0.279412
0 0.464869 0.754902 0.155229 0.191176
0 0.584150 0.957108 0.279412 0.384804
0 0.673203 1.061275 0.346405 0.519608
0 1.150327 1.811275 0.689542 1.014706
0 0.699346 1.110294 0.379085 0.578431
