0 0.418301 0.699507 0.094771 0.123153
0 0.170752 0.310345 0.292484 0.443350
0 0.210784 0.438424 0.228758 0.389163
0 0.277778 0.523399 0.078431 0.145320
0 1.049837 1.612069 0.482026 0.682266
0 0.412582 0.699507 0.034314 0.029557
0 0.594771 0.961823 0.238562 0.347291
0 0.256536 0.434729 0.000000 0.012315
0 0.662582 1.028325 0.272876 0.391626
0 0.200980 0.358374 0.091503 0.150246
0 1.302288 2.035714 0.718954 1.076355
0 1.120915 1.757389 0.558824 0.849754
0 0.230392 0.381773 0.019608 0.019704
0 0.945261 1.487685 0.478758 0.714286
0 0.708333 1.123153 0.292484 0.428571
0 0.851307 1.341133 0.379085 0.554187
0 1.007353 1.560345 0.478758 0.701970
0 1.116013 1.730296 0.483660 0.677340
0 1.088235 1.685961 0.496732 0.711823
0 0.596405 0.905172 0.192810 0.224138
0 0.624183 1.001232 0.202614 0.273399
0 0.874183 1.350985 0.359477 0.500000
0 1.154412 1.790640 0.642157 0.945813
0 0.736928 1.173645 0.235294 0.312808
