0 0.797386 1.356250 0.352941 0.542500
0 1.017157 1.718750 0.475490 0.732500
0 0.162582 0.342500 0.024510 0.035000
0 1.244281 2.071250 0.710784 1.092500
0 0.078431 0.215000 0.156863 0.240000
0 0.673203 1.132500 0.316993 0.490000
0 0.717320 1.203750 0.326797 0.492500
0 0.676471 1.193750 0.205882 0.307500
0 1.336601 2.148750 0.816993 1.237500
0 0.718137 1.186250 0.390523 0.592500
0 0.429739 0.782500 0.176471 0.255000
0 0.945261 1.591250 0.527778 0.812500
0 1.091503 1.780000 0.669935 1.020000
0 1.214052 1.938750 0.722222 1.107500
0 0.377451 0.645000 0.133987 0.205000
