0 0.618464 1.007299 0.328431 0.481752
0 0.696078 1.190998 0.232026 0.343066
0 0.557190 0.942822 0.173203 0.265207
0 0.949346 1.530414 0.568627 0.851582
0 0.747549 1.189781 0.380719 0.564477
0 0.608660 1.001217 0.276144 0.411192
0 1.317810 2.057178 0.792484 1.184915
0 0.688725 1.136253 0.289216 0.428224
0 0.812092 1.341849 0.421569 0.630170
0 0.132353 0.346715 0.189542 0.284672
0 0.451797 0.783455 0.145425 0.218978
0 0.413399 0.703163 0.179739 0.262774
0 0.382353 0.689781 0.000000 0.007299
0 0.190359 0.417275 0.057190 0.085158
0 0.600490 1.006083 0.138889 0.206813
0 0.243464 0.451338 0.065359 0.094891
0 0.342320 0.659367 0.122549 0.180049
0 0.487745 0.852798 0.227124 0.352798
0 0.859477 1.435523 0.379085 0.564477
