10005
10009
10015
10022
10023
10024
10025
10029
10030
10033
10036
10037
10044
10047
10048
10050
10052
10053
10056
10057
10058
10064
10065
10068
10071
10077
10079
10085
10091
10094
10096
10099
10101
10105
10108
10109
10111
10112
10127
10128
10129
10132
10135
10137
10139
10140
10146
10151
10152
10156
10157
10163
10164
10165
10166
10167
10172
10178
10181
10182
10188
10190
10191
10195
10196
10197
10201
10202
10210
10212
10214
10215
10220
10224
10225
10227
10233
10235
10238
10241
10243
10251
10253
10256
10261
10263
10265
10266
10272
10274
10275
10278
10281
10283
10291
10292
10293
10295
10296
10297
10298
10305
10309
10310
10314
10316
10318
10324
10328
10330
10331
10332
10339
10340
10344
10346
10347
10352
10356
10358
10363
10366
10367
10372
10375
10378
10379
10381
10386
10389
10390
10391
10392
10393
10402
10404
10409
10410
10412
10414
10416
10422
10428
10432
10434
10438
10440
10444
10450
10454
10459
10460
10466
10468
10479
10483
10488
10494
10495
10498
10500
10501
10508
10513
10515
10522
10523
10526
10527
10529
10534
10535
10537
10543
10544
10545
10549
10551
10554
10560
10563
10567
10578
10582
10589
10590
10591
10603
10607
10608
10612
10616
10619
10620
10621
10625
10628
10632
10634
10639
10645
10646
10650
10654
10656
10660
10661
10662
10663
10665
10676
10678
10689
10692
10696
10697
10703
10711
10714
10721
10723
10728
10730
10731
10736
10742
10744
10748
10749
10750
10751
10752
10757
10760
10761
10763
10764
10765
10766
10768
10777
10781
10782
10787
10788
10789
10793
10795
10800
10805
10811
10813
10816
10818
10819
10820
10822
10825
10828
10830
10831
10833
10834
10837
10843
10844
10845
10851
10858
10860
10864
10869
10873
10875
10882
10884
10885
10888
10889
10890
10891
10892
10896
10899
10901
10902
10903
10911
10912
10913
10915
10919
10920
10921
10922
10925
10926
10928
10933
10935
10938
10939
10949
10951
10953
10956
10958
10959
10964
10966
10970
10972
10983
10985
10990
10994
10995
10996
11011
11016
11018
11019
11021
11023
11024
11025
11026
11027
11028
11033
11039
11041
11049
11050
11053
11056
11058
11067
11068
11072
11080
11081
11082
11089
11094
11096
11102
11103
11106
11107
11109
11115
11116
11117
11118
11122
11124
11126
11128
11131
11134
11138
11140
11141
11150
11152
11153
11158
11164
11167
11168
11181
11185
11188
11190
11192
11193
11198
11201
11207
11208
11209
11216
11217
11219
11220
11222
11224
11227
11228
11229
11230
11232
11239
11240
11248
11249
11250
11251
11253
11255
11256
11259
11261
11267
11268
11270
11271
11281
11285
11286
11290
11291
11294
11295
11303
11305
11314
11325
11328
11339
11345
11353
11354
11358
11364
11373
11374
11377
11378
11381
11383
11384
11385
11386
11390
11394
11398
11401
11409
11410
11411
11414
11420
11421
11424
11438
11441
11447
11450
11451
11455
11456
11461
11462
11463
11464
11470
11473
11474
11478
11481
11490
11495
11497
11498
11501
11506
11510
11516
11524
11527
11529
11536
11537
11539
11541
11543
11545
11548
11550
11560
11563
11566
11568
11571
11573
11577
11580
11585
11589
11590
11593
11597
11599
11601
11609
11611
11626
11627
11629
11634
11642
11648
11650
11657
11658
11659
11660
11666
11669
11670
11680
11683
11694
11695
11698
11701
11705
11706
11711
11715
11719
11720
11730
11731
11735
11737
11742
11743
11744
11747
11752
11753
11757
11762
11767
11770
11771
11773
11778
11785
11790
11791
11792
11794
11797
11801
11819
11823
11826
11828
11829
11831
11834
11836
11837
11838
11839
11842
11843
11846
11847
11848
11849
11850
11852
11853
11857
11859
11869
11874
11876
11880
11881
11882
11886
11888
11890
11892
11893
11898
11899
11901
11902
11903
11910
11916
11917
11918
11920
11924
11926
11928
11931
11934
11936
11941
11942
11959
11966
11968
11969
11971
11974
11980
11984
11986
11987
11988
11989
11993
12000
12004
12005
12010
12013
12014
12016
12017
12020
12023
12024
12025
12026
12031
12032
12033
12034
12036
12038
12039
12043
12046
12049
12052
12054
12062
12063
12067
12068
12071
12083
12094
12098
12102
12104
12105
12106
12110
12111
12115
12117
12119
12120
12122
12124
12125
12127
12129
12136
12137
12138
12142
12145
12148
12158
12161
12162
12164
12166
12176
12177
12179
12180
12183
12186
12188
12189
12190
12192
12193
12194
12196
12209
12210
12214
12217
12218
12224
12230
12234
12235
12236
12238
12240
12241
12245
12251
12255
12259
12260
12264
12266
12268
12270
12273
12278
12284
12286
12292
12294
12296
12302
12305
12312
12316
12318
12322
12323
12327
12328
12330
12331
12333
12334
12339
12343
12355
12357
12361
12363
12365
12369
12376
12377
12384
12388
12389
12393
12395
12400
12404
12406
12411
12415
12428
12430
12434
12440
12442
12443
12445
12446
12455
12456
12462
12465
12466
12469
12472
12475
12482
12488
12489
12495
12503
12509
12510
12514
12516
12526
12527
12535
12539
12540
12541
12547
12548
12550
12553
12555
12556
12559
12565
12575
12576
12578
12581
12582
12583
12586
12589
12590
12592
12609
12613
12617
12624
12626
12627
12631
12632
12634
12636
12637
12638
12639
12644
12646
12650
12652
12655
12658
12663
12666
12667
12668
12672
12673
12678
12679
12681
12684
12689
12700
12703
12710
12713
12718
12729
12736
12737
12738
12739
12743
12751
12752
12754
12756
12758
12761
12762
12765
12770
12771
12772
12773
12781
12784
12787
12788
12797
12798
12800
12806
12807
12811
12812
12818
12821
12822
12827
12831
12833
12834
12835
12839
12840
12841
12842
12844
12848
12852
12858
12859
12869
12877
12878
12880
12886
12888
12889
12891
12896
12901
12905
12906
12908
12912
12913
12915
12917
12919
12920
12927
12928
12930
12932
12936
12939
12940
12946
12948
12952
12954
12959
12960
12966
12968
12971
12975
12979
12982
12984
12985
12989
12994
12995
12996
13010
13011
13013
13014
13015
13020
13024
13027
13029
13031
13038
13040
13041
13042
13043
13044
13045
13046
13048
13052
13054
13065
13066
13073
13074
13082
13087
13091
13092
13096
13105
13113
13118
13119
13120
13121
13123
13128
13131
13132
13133
13134
13137
13138
13141
13145
13147
13150
13158
13159
13165
13170
13171
13174
13178
13182
13183
13186
13190
13193
13201
13203
13216
13219
13221
13223
13224
13225
13227
13228
13231
13236
13238
13243
13246
13251
13252
13258
13259
13266
13268
13270
13271
13273
13276
13277
13283
13287
13294
13301
13307
13309
13316
13323
13324
13329
13332
13333
13336
13337
13340
13342
13343
13344
13347
13349
13350
13351
13356
13358
13366
13368
13373
13374
13375
13376
13383
13386
13387
13390
13391
13399
13400
13405
13408
13410
13412
13414
13417
13423
13429
13430
13432
13433
13436
13438
13439
13443
13449
13451
13453
13457
13458
13468
13485
13490
13493
13494
13499
13500
13501
13505
13506
13507
13511
13514
13522
13523
13527
13528
13529
13534
13539
13545
13548
13550
13553
13556
13558
13565
13567
13571
13572
13577
13580
13593
13594
13595
13598
13600
13601
13608
13612
13614
13617
13620
13623
13625
13628
13633
13634
13638
13639
13643
13645
13656
13660
13661
13663
13668
13673
13674
13681
13684
13685
13689
13690
13697
13698
13700
13702
13703
13709
13711
13712
13721
13726
13728
13729
13730
13734
13745
13746
13750
13757
13758
13765
13767
13771
13774
13776
13781
13784
13785
13787
13788
13792
13796
13801
13803
13804
13809
13810
13811
13814
13815
13816
13818
13825
13827
13832
13835
13851
13855
13856
13859
13860
13863
13867
13868
13869
13870
13873
13874
13876
13877
13879
13883
13888
13889
13891
13893
13901
13902
13904
13905
13909
13910
13911
13918
13920
13922
13923
13926
13930
13933
13938
13939
13943
13944
13946
13948
13949
13959
13965
13973
13975
13976
13977
13981
13984
13986
13991
13994
13998
14005
14006
14009
14011
14014
14016
14019
14021
14024
14027
14029
14031
14035
14038
14040
14042
14045
14046
14051
14055
14056
14058
14060
14063
14066
14091
14093
14094
14095
14099
14100
14102
14103
14105
14106
14107
14113
14114
14115
14117
14121
14123
14131
14132
14137
14140
14141
14142
14155
14157
14163
14168
14170
14173
14175
14176
14179
14180
14183
14184
14185
14188
14190
14194
14195
14197
14199
14200
14212
14217
14220
14223
14224
14228
14234
14239
14240
14246
14249
14251
14255
14257
14258
14260
14267
14274
14280
14286
14296
14298
14302
14307
14310
14315
14318
14322
14326
14330
14333
14335
14338
14340
14342
14343
14345
14348
14349
14355
14357
14369
14370
14373
14374
14377
14380
14381
14382
14386
14393
14396
14399
14401
14405
14410
14411
14415
14420
14425
14426
14427
14434
14435
14439
14440
14441
14460
14464
14467
14468
14473
14474
14475
14482
14487
14488
14489
14493
14494
14497
14498
14502
14504
14506
14508
14510
14518
14531
14543
14544
14558
14559
14563
14568
14571
14574
14575
14582
14586
14589
14591
14592
14593
14599
14609
14613
14614
14615
14619
14622
14623
14630
14635
14638
14642
14644
14649
14651
14653
14655
14658
14659
14664
14666
14667
14671
14681
14682
14684
14687
14688
14689
14695
14698
14700
14701
14710
14712
14718
14724
14726
14727
14731
14738
14739
14741
14742
14743
14745
14746
14751
14762
14768
14774
14780
14783
14786
14793
14795
14798
14801
14804
14807
14817
14818
14820
14822
14824
14825
14827
14828
14830
14836
14837
14842
14848
14857
14860
14862
14864
14868
14872
14873
14874
14876
14879
14890
14891
14893
14896
14898
14902
14909
14910
14912
14913
14917
14923
14927
14931
14940
14941
14942
14945
14955
14957
14962
14965
14973
14976
14977
14978
14979
14985
14989
14993
14994
14998
15002
15009
15010
15011
15012
15014
15019
15022
15024
15030
15031
15034
15035
15047
15050
15051
15055
15058
15062
15063
15064
15065
15066
15071
15077
15079
15080
15081
15085
15097
15099
15101
15108
15111
15113
15117
15130
15132
15136
15143
15149
15153
15157
15161
15165
15171
15184
15190
15191
15195
15197
15201
15204
15205
15207
15209
15211
15222
15228
15231
15234
15236
15238
15239
15244
15245
15246
15250
15251
15262
15263
15264
15266
15268
15269
15281
15283
15286
15288
15290
15293
15297
15300
15310
15311
15312
15317
15318
15319
15322
15325
15328
15332
15335
15336
15338
15339
15340
15341
15342
15344
15346
15347
15348
15355
15358
15362
15365
15368
15369
15370
15371
15374
15380
15381
15383
15388
15390
15392
15394
15396
15402
15403
15404
15405
15411
15414
15417
15432
15434
15452
15453
15456
15457
15458
15462
15471
15474
15475
15476
15480
15488
15490
15492
15501
15506
15517
15520
15523
15526
15530
15531
15532
15535
15537
15547
15548
15549
15552
15553
15561
15566
15568
15569
15570
15572
15578
15583
15584
15590
15601
15602
15608
15612
15616
15624
15629
15640
15641
15643
15644
15648
15649
15651
15654
15657
15658
15660
15661
15670
15675
15681
15684
15686
15689
15690
15692
15694
15696
15699
15703
15706
15707
15712
15713
15722
15725
15727
15729
15731
15733
15738
15741
15742
15743
15744
15745
15750
15751
15762
15763
15769
15771
15777
15779
15781
15788
15791
15800
15807
15808
15815
15816
15818
15820
15823
15825
15831
15833
15836
15839
15846
15851
15857
15859
15869
15870
15872
15878
15886
15887
15888
15894
15898
15899
15904
15907
15908
15914
15918
15919
15920
15922
15925
15926
15927
15932
15937
15941
15946
15948
15950
15952
15953
15956
15960
15961
15962
15969
15970
15973
15974
15984
15991
15995
15996
15997
15999
16002
16007
16009
16010
16013
16015
16019
16021
16022
16024
16026
16033
16037
16042
16043
16044
16045
16047
16055
16060
16061
16063
16064
16067
16071
16078
16082
16084
16090
16092
16094
16095
16098
16103
16104
16107
16109
16112
16115
16118
16119
16121
16123
16127
16129
16140
16143
16147
16153
16154
16155
16157
16166
16170
16174
16181
16188
16201
16205
16206
16207
16208
16220
16224
16225
16226
16228
16230
16232
16233
16236
16245
16246
16248
16249
16256
16257
16265
16266
16267
16269
16271
16273
16276
16278
16279
16284
16287
16290
16297
16298
16299
16300
16302
16303
16304
16307
16308
16313
16316
16317
16325
16329
16331
16336
16340
16344
16345
16349
16350
16352
16363
16367
16368
16370
16371
16375
16378
16382
16384
16386
16388
16392
16396
16399
16401
16409
16412
16415
16419
16421
16422
16424
16426
16430
16432
16433
16438
16442
16444
16449
16456
16457
16458
16459
16462
16466
16468
16471
16472
16479
16480
16481
16482
16485
16486
16490
16496
16503
16506
16507
16508
16511
16514
16515
16519
16523
16524
16525
16529
16533
16537
16541
16550
16552
16557
16558
16559
16565
16566
16568
16580
16581
16584
16585
16586
16588
16591
16594
16597
16603
16604
16605
16610
16611
16613
16615
16616
16621
16624
16625
16626
16627
16630
16632
16633
16634
16636
16637
16640
16642
16647
16649
16656
16657
16659
16660
16661
16664
16672
16673
16680
16682
16684
16697
16700
16715
16719
16723
16727
16728
16732
16735
16739
16749
16751
16752
16759
16763
16765
16766
16771
16777
16779
16786
16787
16788
16789
16791
16795
16798
16799
16802
16806
16807
16808
16811
16815
16817
16819
16820
16822
16823
16824
16825
16828
16830
16831
16832
16833
16841
16847
16848
16850
16851
16858
16859
16862
16863
16867
16872
16874
16881
16884
16887
16888
16889
16891
16896
16898
16899
16902
16903
16904
16905
16910
16912
16913
16914
16918
16922
16923
16926
16927
16928
16933
16943
16944
16949
16950
16957
16958
16962
16968
16969
16971
16976
16978
16982
16984
16991
16993
16996
17002
17008
17014
17018
17019
17024
17029
17030
17032
17039
17052
17054
17056
17058
17064
17066
17067
17071
17075
17077
17079
17082
17083
17085
17089
17095
17096
17098
17101
17102
17103
17106
17108
17109
17110
17113
17116
17120
17123
17127
17132
17133
17135
17136
17145
17146
17160
17164
17169
17170
17172
17175
17180
17184
17192
17193
17194
17200
17201
17203
17205
17209
17212
17214
17216
17218
17219
17225
17237
17245
17246
17252
17260
17266
17267
17274
17275
17276
17277
17278
17287
17292
17293
17298
17300
17303
17315
17318
17320
17321
17335
17343
17347
17350
17352
17358
17360
17365
17367
17369
17373
17376
17379
17384
17388
17390
17391
17392
17394
17410
17412
17419
17420
17425
17432
17435
17443
17445
17447
17448
17450
17452
17454
17458
17460
17461
17462
17467
17468
17469
17492
17493
17494
17498
17500
17504
17508
17509
17510
17516
17526
17535
17536
17538
17542
17543
17545
17560
17561
17566
17573
17574
17577
17578
17585
17588
17589
17591
17592
17599
17602
17614
17615
17624
17625
17626
17630
17633
17642
17648
17650
17653
17654
17656
17657
17663
17665
17667
17671
17674
17675
17676
17678
17681
17687
17688
17690
17693
17694
17696
17697
17699
17701
17705
17706
17709
17713
17715
17716
17718
17725
17730
17733
17736
17744
17747
17751
17755
17760
17765
17768
17771
17772
17773
17775
17778
17780
17782
17783
17785
17790
17791
17797
17801
17803
17805
17810
17813
17821
17823
17824
17825
17827
17830
17835
17839
17840
17846
17847
17848
17849
17850
17855
17856
17860
17861
17870
17874
17877
17884
17891
17892
17893
17898
17901
17904
17905
17910
17911
17912
17915
17917
17919
17923
17925
17933
17934
17935
17942
17944
17945
17952
17953
17955
17960
17962
17968
17969
17979
17981
17982
17986
17987
17991
17992
17994
17998
18002
18003
18004
18005
18013
18014
18017
18019
18022
18026
18030
18031
18034
18038
18039
18046
18048
18053
18057
18061
18062
18066
18067
18070
18073
18074
18080
18101
18102
18104
18106
18108
18114
18117
18118
18122
18126
18135
18138
18140
18141
18148
18149
18151
18152
18157
18158
18160
18161
18162
18163
18171
18172
18179
18181
18182
18184
18186
18193
18197
18198
18199
18202
18206
