0 0.535948 0.596814 0.124183 0.193627
0 0.453431 0.574755 0.073529 0.115196
0 0.473856 0.372549 0.062092 0.093137
0 0.500817 0.215686 0.037582 0.053922
0 0.661765 0.540441 0.088235 0.134804
0 0.428922 0.254902 0.044118 0.063725
0 0.630719 0.226716 0.052288 0.075980
0 0.552288 0.329657 0.065359 0.095588
0 0.726307 0.207108 0.076797 0.110294
0 0.585784 0.225490 0.044118 0.068627
0 0.080882 0.261029 0.040850 0.066176
0 0.392157 0.525735 0.088235 0.125000
0 0.769608 0.299020 0.104575 0.156863
0 0.598856 0.371324 0.086601 0.134804
