0 0.281046 0.186275 0.101307 0.166667
0 0.629085 0.121324 0.091503 0.134804
0 0.093137 0.348039 0.120915 0.196078
0 0.482843 0.185049 0.093137 0.139706
0 0.828431 0.366422 0.130719 0.198529
0 0.891340 0.752451 0.217320 0.308824
0 0.933824 0.216912 0.132353 0.198529
0 0.431373 0.502451 0.163399 0.235294
0 0.572712 0.310049 0.119281 0.183824
0 0.385621 0.308824 0.127451 0.191176
0 0.760621 0.139706 0.099673 0.156863
0 0.232843 0.401961 0.148693 0.220588
0 0.572712 0.742647 0.174837 0.279412
0 0.360294 0.829657 0.142157 0.223039
0 0.178922 0.724265 0.187908 0.291667
