0 0.398693 0.088235 0.091503 0.156863
0 0.304739 0.144608 0.106209 0.215686
0 0.490196 0.475490 0.045752 0.078431
0 0.726307 0.832108 0.122549 0.178922
0 0.945261 0.245098 0.109477 0.235294
0 0.444444 0.393382 0.032680 0.036765
0 0.410131 0.394608 0.039216 0.053922
0 0.167484 0.089461 0.132353 0.164216
0 0.113562 0.805147 0.204248 0.237745
0 0.375000 0.424020 0.024510 0.083333
0 0.807190 0.056373 0.107843 0.098039
0 0.568627 0.421569 0.052288 0.063725
0 0.831699 0.590686 0.137255 0.338235
0 0.418301 0.450980 0.039216 0.083333
0 0.755719 0.236520 0.116013 0.208333
0 0.660948 0.302696 0.138889 0.203431
0 0.478758 0.279412 0.209150 0.147059
0 0.215686 0.312500 0.186275 0.208333
0 0.058007 0.464461 0.109477 0.379902
