0 0.485294 0.497543 0.055556 0.135135
0 0.424020 0.453317 0.040850 0.085995
0 0.376634 0.445946 0.044118 0.090909
0 0.599673 0.439803 0.055556 0.132678
0 0.196895 0.523342 0.053922 0.103194
0 0.785131 0.561425 0.060458 0.125307
0 0.691993 0.570025 0.053922 0.093366
0 0.313725 0.638821 0.065359 0.167076
0 0.398693 0.681818 0.055556 0.125307
0 0.269608 0.481572 0.049020 0.068796
0 0.717320 0.405405 0.032680 0.063882
0 0.875817 0.372236 0.029412 0.085995
0 0.941993 0.513514 0.040850 0.073710
0 0.605392 0.708845 0.063725 0.105651
0 0.981209 0.410319 0.037582 0.078624
0 0.978758 0.336609 0.042484 0.044226
0 0.953431 0.357494 0.021242 0.061425
0 0.530229 0.640049 0.063725 0.120393
0 0.460784 0.651106 0.062092 0.132678
0 0.396242 0.540541 0.053922 0.113022
0 0.267974 0.617936 0.035948 0.110565
0 0.834150 0.374693 0.037582 0.081081
0 0.499183 0.764128 0.080065 0.113022
