0 0.745915 0.690773 0.174837 0.254364
0 0.113562 0.507481 0.086601 0.187032
0 0.035948 0.619701 0.065359 0.241895
0 0.495098 0.376559 0.111111 0.169576
0 0.193627 0.418953 0.112745 0.199501
0 0.801471 0.218204 0.093137 0.187032
0 0.638072 0.417706 0.132353 0.197007
0 0.861928 0.332918 0.102941 0.197007
0 0.397059 0.553616 0.107843 0.164589
0 0.935458 0.371571 0.102941 0.204489
0 0.964052 0.188279 0.071895 0.127182
0 0.131536 0.301746 0.116013 0.139651
0 0.281046 0.592269 0.078431 0.167082
0 0.232843 0.104738 0.089869 0.149626
0 0.951797 0.751870 0.096405 0.192020
0 0.883170 0.758105 0.086601 0.274314
0 0.300654 0.876559 0.248366 0.211970
0 0.534314 0.226933 0.124183 0.124688
0 0.421569 0.083541 0.107843 0.147132
