0 0.049837 0.138889 0.044118 0.060000
0 0.387255 0.337778 0.091503 0.124444
0 0.312908 0.452222 0.106209 0.140000
0 0.155229 0.075556 0.042484 0.057778
0 0.321078 0.158889 0.063725 0.086667
0 0.631536 0.058889 0.037582 0.051111
0 0.761438 0.176667 0.065359 0.086667
0 0.586601 0.331111 0.062092 0.084444
0 0.852124 0.353333 0.076797 0.102222
0 0.084967 0.205556 0.062092 0.082222
0 0.026961 0.303333 0.053922 0.113333
0 0.465686 0.176667 0.052288 0.068889
0 0.248366 0.058889 0.058824 0.086667
0 0.374183 0.066667 0.062092 0.084444
0 0.489379 0.100000 0.063725 0.084444
0 0.285131 0.336667 0.080065 0.095556
0 0.099673 0.155556 0.062092 0.084444
0 0.976307 0.272222 0.047386 0.100000
0 0.480392 0.281111 0.078431 0.095556
0 0.215686 0.132222 0.075163 0.100000
0 0.744281 0.065556 0.037582 0.051111
0 0.847222 0.240000 0.060458 0.084444
0 0.657680 0.280000 0.076797 0.106667
0 0.555556 0.085556 0.045752 0.060000
0 0.145425 0.225556 0.091503 0.126667
0 0.575163 0.187778 0.071895 0.104444
0 0.944444 0.230000 0.062092 0.082222
