0 0.794935 0.716216 0.053922 0.228501
0 0.709150 0.443489 0.088235 0.179361
0 0.632353 0.482801 0.078431 0.159705
0 0.720588 0.256757 0.062092 0.125307
0 0.575980 0.078624 0.070261 0.117936
0 0.714052 0.113022 0.065359 0.132678
0 0.789216 0.175676 0.078431 0.144963
0 0.646242 0.901720 0.119281 0.147420
0 0.812092 0.404177 0.071895 0.164619
0 0.601307 0.702703 0.111111 0.201474
0 0.224673 0.721130 0.109477 0.169533
0 0.494281 0.581081 0.083333 0.208845
0 0.519608 0.393120 0.084967 0.171990
0 0.388889 0.389435 0.104575 0.199017
0 0.079248 0.624079 0.089869 0.201474
0 0.975490 0.826781 0.049020 0.189189
0 0.960784 0.633907 0.078431 0.176904
0 0.317810 0.253071 0.070261 0.127764
0 0.220588 0.560197 0.101307 0.142506
0 0.189542 0.432432 0.081699 0.132678
0 0.098856 0.170762 0.086601 0.149877
0 0.389706 0.640049 0.096405 0.140049
0 0.160948 0.092138 0.060458 0.130221
0 0.048203 0.412776 0.080065 0.152334
