0 0.084150 0.157955 0.037582 0.052273
0 0.705065 0.192045 0.053922 0.070455
0 0.587418 0.180682 0.053922 0.075000
0 0.110294 0.331818 0.093137 0.122727
0 0.246732 0.352273 0.084967 0.122727
0 0.650327 0.144318 0.042484 0.061364
0 0.940359 0.328409 0.086601 0.115909
0 0.955882 0.498864 0.084967 0.120455
0 0.265523 0.151136 0.037582 0.052273
0 0.656863 0.294318 0.088235 0.129545
0 0.633170 0.205682 0.050654 0.070455
0 0.311275 0.313636 0.070261 0.104545
0 0.803922 0.252273 0.052288 0.072727
0 0.883170 0.205682 0.037582 0.052273
0 0.119281 0.181818 0.039216 0.050000
0 0.941176 0.200000 0.052288 0.068182
0 0.200980 0.201136 0.052288 0.070455
0 0.309641 0.143182 0.044118 0.059091
0 0.317810 0.225000 0.050654 0.072727
0 0.799837 0.186364 0.050654 0.072727
0 0.052288 0.227273 0.088235 0.118182
0 0.679739 0.469318 0.127451 0.170455
0 0.163399 0.231818 0.078431 0.100000
0 0.519608 0.167045 0.062092 0.088636
0 0.417484 0.280682 0.158497 0.211364
0 0.557190 0.396591 0.084967 0.115909
0 0.852124 0.279545 0.076797 0.104545
0 0.570261 0.270455 0.075163 0.100000
