0 0.433824 0.579657 0.027778 0.056373
0 0.425654 0.540441 0.024510 0.046569
0 0.787582 0.628676 0.156863 0.375000
0 0.396242 0.564951 0.017974 0.036765
0 0.370098 0.557598 0.021242 0.056373
0 0.472222 0.572304 0.049020 0.090686
0 0.353758 0.634804 0.031046 0.068627
0 0.479575 0.667892 0.044118 0.085784
0 0.665033 0.308824 0.124183 0.210784
0 0.115196 0.500000 0.168301 0.392157
0 0.554739 0.378676 0.106209 0.105392
0 0.309641 0.318627 0.083333 0.181373
0 0.402778 0.330882 0.073529 0.137255
0 0.316993 0.605392 0.049020 0.107843
