0 0.566176 0.783224 0.256536 0.315904
0 0.415850 0.642702 0.027778 0.039216
0 0.315359 0.465142 0.078431 0.080610
0 0.919935 1.281046 0.477124 0.570806
0 0.692810 0.970588 0.277778 0.350763
0 0.698529 0.992375 0.338235 0.437908
0 0.586601 0.861656 0.254902 0.350763
0 0.550654 0.799564 0.205882 0.265795
0 0.637255 0.871460 0.251634 0.278867
0 0.456699 0.662309 0.119281 0.148148
0 0.464869 0.657952 0.184641 0.222222
0 0.417484 0.606754 0.132353 0.163399
0 0.370098 0.530501 0.070261 0.063181
0 0.486111 0.696078 0.158497 0.224401
