0 0.802288 1.480392 0.369281 0.568627
0 0.311275 0.611520 0.161765 0.227941
0 0.857026 1.424020 0.547386 0.823529
0 0.099673 0.338235 0.133987 0.215686
0 0.616013 1.063725 0.359477 0.539216
0 1.055556 1.778186 0.584967 0.875000
0 0.974673 1.796569 0.383987 0.593137
0 1.262255 2.091912 0.789216 1.183824
0 0.396242 0.844363 0.093137 0.149510
0 0.696895 1.221814 0.367647 0.546569
0 0.411765 0.808824 0.179739 0.269608
0 1.045752 1.714461 0.669935 0.997549
0 0.176471 0.486520 0.035948 0.051471
0 0.526961 1.044118 0.083333 0.107843
0 0.383987 0.794118 0.189542 0.294118
0 0.235294 0.639706 0.300654 0.460784
