0 0.358000 0.717333 0.132000 0.485333
0 0.374000 0.512000 0.040000 0.069333
0 0.325000 0.649333 0.026000 0.045333
0 0.390000 0.653333 0.024000 0.032000
0 0.310000 0.912000 0.032000 0.064000
0 0.343000 0.940000 0.038000 0.029333
0 0.474000 0.728000 0.116000 0.485333
0 0.477000 0.524000 0.038000 0.066667
0 0.426000 0.664000 0.020000 0.026667
0 0.599000 0.646667 0.014000 0.029333
0 0.464000 0.846667 0.024000 0.029333
0 0.444000 0.952000 0.036000 0.037333
0 0.525000 0.756000 0.154000 0.466667
0 0.544000 0.556000 0.036000 0.061333
0 0.458000 0.732000 0.024000 0.029333
0 0.589000 0.770667 0.018000 0.037333
0 0.529000 0.954667 0.022000 0.026667
0 0.546000 0.969333 0.032000 0.034667
