0 0.085176 0.508681 0.076723 0.547454
0 0.128088 0.530671 0.036411 0.214120
0 0.015280 0.442708 0.029259 0.207176
0 0.166125 0.451389 0.039662 0.180556
0 0.208062 0.352431 0.052016 0.274306
0 0.246099 0.493056 0.121586 0.608796
0 0.299415 0.521412 0.161899 0.869213
0 0.385241 0.510995 0.037061 0.288194
0 0.417750 0.503472 0.039662 0.293981
0 0.455137 0.555556 0.102731 0.439815
0 0.535436 0.595486 0.039662 0.214120
0 0.574122 0.480324 0.042913 0.263889
0 0.626463 0.484954 0.042263 0.275463
0 0.663199 0.428241 0.032510 0.201389
0 0.653771 0.545718 0.085176 0.290509
0 0.697984 0.526042 0.053966 0.410880
0 0.726918 0.530671 0.052016 0.480324
0 0.770481 0.479745 0.061118 0.459491
0 0.868661 0.536458 0.196359 0.927083
