0 0.039216 0.587010 0.075163 0.350490
0 0.075980 0.435049 0.116013 0.213235
0 0.366013 0.352941 0.071895 0.127451
0 0.602124 0.291667 0.086601 0.127451
0 0.808824 0.348039 0.101307 0.181373
0 0.209150 0.261029 0.075163 0.105392
0 0.415850 0.754902 0.204248 0.338235
0 0.741830 0.551471 0.179739 0.264706
0 0.320261 0.225490 0.062092 0.102941
0 0.464052 0.283088 0.058824 0.115196
0 0.540033 0.316176 0.040850 0.078431
0 0.359477 0.187500 0.042484 0.066176
0 0.417484 0.220588 0.044118 0.073529
0 0.142157 0.246324 0.058824 0.066176
0 0.148693 0.174020 0.055556 0.053922
0 0.690359 0.194853 0.086601 0.129902
