0 0.677288 0.167892 0.050654 0.075980
0 0.719771 0.198529 0.050654 0.078431
0 0.285131 0.160539 0.044118 0.066176
0 0.363562 0.212010 0.044118 0.066176
0 0.618464 0.159314 0.044118 0.063725
0 0.230392 0.247549 0.052288 0.078431
0 0.160131 0.256127 0.042484 0.066176
0 0.554739 0.238971 0.050654 0.075980
0 0.281863 0.267157 0.044118 0.068627
0 0.403595 0.245098 0.049020 0.078431
0 0.459967 0.265931 0.050654 0.075980
0 0.493464 0.182598 0.049020 0.075980
0 0.383987 0.147059 0.052288 0.073529
0 0.596405 0.274510 0.049020 0.078431
