0 0.892974 0.436275 0.044118 0.063725
0 0.395425 0.371324 0.042484 0.066176
0 0.958333 0.598039 0.050654 0.078431
0 0.575163 0.448529 0.045752 0.068627
0 0.080882 0.216912 0.037582 0.056373
0 0.361111 0.251225 0.035948 0.056373
0 0.860294 0.450980 0.053922 0.073529
0 0.940359 0.437500 0.050654 0.080882
0 0.102124 0.403186 0.050654 0.075980
0 0.098039 0.485294 0.052288 0.078431
0 0.034314 0.297794 0.042484 0.066176
0 0.747549 0.377451 0.044118 0.063725
0 0.571895 0.927696 0.084967 0.139706
0 0.279412 0.299020 0.039216 0.058824
0 0.491830 0.620098 0.062092 0.093137
0 0.125817 0.285539 0.039216 0.056373
0 0.656863 0.248775 0.042484 0.066176
0 0.827614 0.352941 0.050654 0.073529
0 0.455882 0.386029 0.049020 0.075980
0 0.825980 0.736520 0.096405 0.129902
0 0.699346 0.397059 0.062092 0.088235
0 0.780229 0.587010 0.050654 0.075980
0 0.636438 0.420343 0.060458 0.090686
0 0.542484 0.642157 0.065359 0.088235
0 0.331699 0.508578 0.062092 0.095588
0 0.093954 0.590686 0.063725 0.098039
0 0.182190 0.500000 0.050654 0.073529
