0 0.219771 0.277778 0.142157 0.159420
0 0.218137 0.500000 0.086601 0.202899
0 0.383987 0.373188 0.147059 0.195652
0 0.383170 0.149758 0.116013 0.159420
0 0.221405 0.356280 0.119281 0.099034
0 0.550654 0.158213 0.091503 0.157005
0 0.550654 0.329710 0.081699 0.176329
0 0.697712 0.230676 0.101307 0.157005
0 0.347222 0.679952 0.178105 0.205314
0 0.459150 0.812802 0.241830 0.301932
0 0.606209 0.673913 0.143791 0.280193
0 0.732843 0.477053 0.122549 0.176329
0 0.853758 0.338164 0.184641 0.294686
0 0.839052 0.103865 0.112745 0.144928
0 0.578431 0.041063 0.062092 0.072464
0 0.405229 0.044686 0.111111 0.074879
0 0.960784 0.239130 0.078431 0.260870
0 0.450980 0.303140 0.081699 0.171498
