0 0.980392 0.385542 0.039216 0.072289
0 0.710784 0.409639 0.071895 0.115663
0 0.613562 0.442169 0.037582 0.055422
0 0.102124 0.474699 0.060458 0.091566
0 0.467320 0.491566 0.078431 0.110843
0 0.290850 0.503614 0.088235 0.125301
0 0.380719 0.478313 0.039216 0.055422
0 0.096405 0.675904 0.111111 0.156627
0 0.906046 0.407229 0.086601 0.125301
0 0.657680 0.413253 0.053922 0.074699
0 0.348039 0.438554 0.039216 0.057831
0 0.212418 0.459036 0.062092 0.093976
0 0.541667 0.468675 0.066993 0.089157
0 0.313725 0.531325 0.052288 0.074699
