0 0.041667 0.504926 0.034314 0.054187
0 0.129085 0.561576 0.065359 0.142857
0 0.268791 0.536946 0.060458 0.118227
0 0.825980 0.540640 0.034314 0.096059
0 0.424837 0.599754 0.058824 0.110837
0 0.499183 0.399015 0.047386 0.083744
0 0.270425 0.413793 0.027778 0.054187
0 0.539216 0.411330 0.026144 0.059113
0 0.171569 0.402709 0.032680 0.061576
0 0.968137 0.379310 0.050654 0.083744
0 0.862745 0.454433 0.042484 0.056650
0 0.233660 0.376847 0.026144 0.029557
0 0.727941 0.379310 0.044118 0.073892
0 0.582516 0.443350 0.040850 0.073892
0 0.683824 0.467980 0.044118 0.083744
0 0.785131 0.471675 0.034314 0.071429
0 0.898693 0.651478 0.049020 0.125616
0 0.861111 0.567734 0.042484 0.100985
0 0.513072 0.516010 0.026144 0.105911
0 0.548203 0.536946 0.050654 0.108374
0 0.712418 0.552956 0.035948 0.096059
0 0.853758 0.330049 0.040850 0.083744
0 0.647059 0.641626 0.055556 0.125616
