0 0.701797 0.487745 0.086601 0.127451
0 0.582516 0.616422 0.070261 0.105392
0 0.450163 0.551471 0.086601 0.137255
0 0.683824 0.321078 0.060458 0.088235
0 0.272876 0.045343 0.088235 0.090686
0 0.305556 0.545343 0.075163 0.110294
0 0.534314 0.341912 0.071895 0.105392
0 0.279412 0.430147 0.075163 0.115196
0 0.763072 0.741422 0.075163 0.110294
0 0.321078 0.623775 0.073529 0.110294
0 0.548203 0.175245 0.083333 0.129902
0 0.857843 0.696078 0.094771 0.127451
0 0.120915 0.074755 0.071895 0.110294
0 0.695261 0.412990 0.093137 0.129902
0 0.637255 0.697304 0.088235 0.129902
