0 0.641340 0.770833 0.021242 0.041667
0 0.284314 0.246324 0.062092 0.125000
0 0.557190 0.441176 0.068627 0.132353
0 0.680556 0.458333 0.070261 0.127451
0 0.685458 0.257353 0.073529 0.112745
0 0.818627 0.234069 0.088235 0.129902
0 0.822712 0.442402 0.070261 0.120098
0 0.414216 0.466912 0.073529 0.125000
0 0.283497 0.459559 0.060458 0.154412
0 0.147059 0.261029 0.075163 0.139706
0 0.336601 0.775735 0.022876 0.056373
0 0.553105 0.242647 0.066993 0.142157
0 0.419935 0.257353 0.062092 0.117647
0 0.579248 0.772059 0.017974 0.039216
0 0.466503 0.772059 0.027778 0.039216
0 0.411765 0.776961 0.026144 0.049020
0 0.533497 0.772059 0.024510 0.034314
