0 0.372549 0.481618 0.058824 0.129902
0 0.395425 0.344363 0.058824 0.105392
0 0.267157 0.447304 0.057190 0.100490
0 0.294935 0.362745 0.053922 0.098039
0 0.580065 0.578431 0.127451 0.161765
0 0.816176 0.574755 0.122549 0.203431
0 0.852124 0.846814 0.259804 0.306373
0 0.750000 0.345588 0.058824 0.122549
0 0.649510 0.333333 0.063725 0.127451
0 0.875817 0.299020 0.042484 0.083333
0 0.945261 0.296569 0.031046 0.127451
0 0.975490 0.324755 0.049020 0.134804
0 0.045752 0.435049 0.075163 0.134804
0 0.515523 0.363971 0.070261 0.129902
