0 0.334150 0.431540 0.057190 0.080685
0 0.895425 0.814181 0.101307 0.229829
0 0.073529 0.502445 0.065359 0.085575
0 0.202614 0.495110 0.065359 0.075795
0 0.260621 0.470660 0.063725 0.085575
0 0.428105 0.471883 0.052288 0.092910
0 0.495915 0.414425 0.044118 0.066015
0 0.513889 0.518337 0.040850 0.063570
0 0.642157 0.433985 0.052288 0.061125
0 0.256536 0.677262 0.071895 0.102689
0 0.843954 0.537897 0.047386 0.068460
0 0.483660 0.768949 0.081699 0.168704
0 0.763889 0.812958 0.148693 0.330073
0 0.812092 0.679707 0.068627 0.146699
0 0.633987 0.668704 0.052288 0.090465
0 0.295752 0.904645 0.137255 0.190709
0 0.146242 0.808068 0.096405 0.198044
0 0.387255 0.689487 0.065359 0.107579
0 0.572712 0.655257 0.070261 0.122249
