0 0.830065 1.466912 0.323529 0.473039
0 0.544118 0.998775 0.140523 0.203431
0 0.452614 0.786765 0.071895 0.102941
0 0.555556 0.926471 0.225490 0.338235
0 0.660131 1.047794 0.356209 0.536765
0 0.768791 1.284314 0.302288 0.450980
0 0.535948 0.871324 0.258170 0.389706
0 0.843954 1.345588 0.478758 0.720588
0 0.685458 1.127451 0.331699 0.500000
0 0.981209 1.589461 0.586601 0.884804
0 0.781863 1.237745 0.436275 0.651961
0 0.106209 0.223039 0.091503 0.142157
0 0.367647 0.687500 0.039216 0.066176
0 1.002451 1.660539 0.570261 0.855392
0 0.732026 1.225490 0.352941 0.524510
