0 0.144608 0.355392 0.057190 0.088235
0 0.209967 0.448529 0.276144 0.401961
0 0.879085 1.454657 0.444444 0.659314
0 0.462418 0.819853 0.153595 0.223039
0 0.343954 0.650735 0.053922 0.085784
0 0.548203 0.957108 0.024510 0.041667
0 0.674020 1.154412 0.292484 0.450980
0 0.711601 1.180147 0.423203 0.634804
0 0.794118 1.306373 0.444444 0.666667
0 0.142157 0.344363 0.218954 0.330882
0 0.273693 0.549020 0.060458 0.093137
0 0.468954 0.839461 0.225490 0.340686
0 1.306373 2.068627 0.769608 1.137255
0 0.281863 0.535539 0.135621 0.203431
0 1.040033 1.725490 0.553922 0.838235
0 1.187092 1.909314 0.710784 1.063725
0 1.061275 1.723039 0.661765 0.990196
