0 0.597222 0.132353 0.053922 0.107843
0 0.525327 0.642157 0.135621 0.166667
0 0.391340 0.696078 0.102941 0.181373
0 0.376634 0.481618 0.102941 0.183824
0 0.300654 0.313725 0.065359 0.107843
0 0.531863 0.488971 0.125817 0.188725
0 0.680556 0.468137 0.116013 0.240196
0 0.515523 0.267157 0.080065 0.142157
0 0.405229 0.302696 0.084967 0.144608
0 0.156046 0.403186 0.076797 0.129902
0 0.032680 0.299020 0.055556 0.127451
0 0.948529 0.091912 0.060458 0.120098
0 0.155229 0.207108 0.062092 0.100490
0 0.253268 0.181373 0.039216 0.093137
0 0.466503 0.137255 0.050654 0.088235
0 0.388889 0.158088 0.035948 0.100490
0 0.332516 0.174020 0.066993 0.132353
0 0.794935 0.106618 0.040850 0.071078
0 0.980392 0.284314 0.039216 0.161765
0 0.813725 0.273284 0.098039 0.164216
0 0.717320 0.158088 0.068627 0.129902
