0 0.511438 0.250000 0.035948 0.053922
0 0.230392 0.279412 0.035948 0.053922
0 0.726307 0.258578 0.037582 0.056373
0 0.501634 0.285539 0.039216 0.056373
0 0.540850 0.285539 0.039216 0.056373
0 0.575980 0.299020 0.037582 0.053922
0 0.183824 0.317402 0.037582 0.056373
0 0.216503 0.367647 0.037582 0.053922
0 0.299020 0.294118 0.039216 0.053922
0 0.144608 0.339461 0.037582 0.056373
0 0.609477 0.361520 0.042484 0.066176
0 0.316993 0.356618 0.042484 0.066176
0 0.034314 0.324755 0.045752 0.066176
0 0.163399 0.482843 0.065359 0.088235
0 0.855392 0.332108 0.050654 0.075980
0 0.452614 0.285539 0.035948 0.056373
0 0.661765 0.337010 0.042484 0.066176
0 0.642974 0.269608 0.037582 0.058824
0 0.559641 0.357843 0.050654 0.078431
0 0.478758 0.357843 0.035948 0.058824
0 0.361928 0.295343 0.037582 0.056373
0 0.426471 0.356618 0.039216 0.056373
0 0.387255 0.383578 0.042484 0.066176
