0 0.033497 0.525735 0.060458 0.272059
0 0.273693 0.071078 0.063725 0.122549
0 0.536765 0.144608 0.076797 0.151961
0 0.698529 0.139706 0.093137 0.117647
0 0.757353 0.310049 0.089869 0.144608
0 0.941176 0.079657 0.065359 0.134804
0 0.952614 0.454657 0.094771 0.198529
0 0.843954 0.555147 0.112745 0.213235
0 0.417484 0.053922 0.076797 0.093137
0 0.526961 0.476716 0.093137 0.198529
0 0.632353 0.042892 0.094771 0.075980
0 0.785131 0.120098 0.070261 0.093137
0 0.322712 0.258578 0.099673 0.129902
0 0.484477 0.252451 0.080065 0.161765
0 0.369281 0.462010 0.104575 0.174020
0 0.185458 0.296569 0.135621 0.132353
0 0.215686 0.517157 0.147059 0.230392
0 0.041667 0.207108 0.076797 0.174020
