0 0.776961 0.267157 0.037582 0.078431
0 0.597222 0.204657 0.044118 0.041667
0 0.714869 0.327206 0.106209 0.149510
0 0.730392 0.202206 0.049020 0.080882
0 0.912582 0.243873 0.063725 0.120098
0 0.655229 0.204657 0.032680 0.046569
0 0.580882 0.291667 0.066993 0.127451
0 0.229575 0.335784 0.057190 0.088235
0 0.457516 0.473039 0.094771 0.171569
0 0.599673 0.422794 0.098039 0.125000
0 0.535131 0.546569 0.122549 0.137255
0 0.413399 0.408088 0.052288 0.120098
0 0.477124 0.313725 0.065359 0.132353
0 0.517157 0.256127 0.034314 0.051471
0 0.837418 0.231618 0.063725 0.115196
0 0.528595 0.219363 0.037582 0.046569
