0 0.462418 0.699755 0.062092 0.095588
0 0.245915 0.148284 0.044118 0.066176
0 0.578431 0.225490 0.042484 0.063725
0 0.896242 0.262255 0.044118 0.063725
0 0.667484 0.252451 0.050654 0.078431
0 0.790033 0.345588 0.050654 0.078431
0 0.205882 0.232843 0.052288 0.073529
0 0.815359 0.279412 0.035948 0.053922
0 0.586601 0.310049 0.058824 0.095588
0 0.457516 0.297794 0.062092 0.095588
0 0.323529 0.253676 0.049020 0.080882
0 0.512255 0.561275 0.063725 0.093137
0 0.276961 0.096814 0.037582 0.056373
0 0.468137 0.481618 0.066993 0.095588
0 0.975490 0.225490 0.039216 0.053922
0 0.272876 0.197304 0.052288 0.075980
0 0.923203 0.583333 0.075163 0.117647
0 0.456699 0.594363 0.060458 0.095588
0 0.299837 0.465686 0.060458 0.093137
0 0.365196 0.203431 0.050654 0.078431
0 0.209150 0.606618 0.071895 0.110294
0 0.024510 0.064951 0.039216 0.056373
0 0.644608 0.435049 0.076797 0.115196
