0 0.459150 0.375887 0.062092 0.222222
0 0.764706 0.031915 0.081699 0.059102
0 0.307190 0.899527 0.212418 0.200946
0 0.932190 0.462175 0.135621 0.262411
0 0.847222 0.588652 0.200980 0.203310
0 0.362745 0.099291 0.120915 0.151300
0 0.842320 0.202128 0.119281 0.238771
0 0.582516 0.212766 0.138889 0.241135
0 0.458333 0.166667 0.083333 0.153664
0 0.504902 0.669031 0.205882 0.255319
0 0.946895 0.080378 0.102941 0.156028
0 0.076797 0.139480 0.104575 0.208038
0 0.529412 0.407801 0.101307 0.219858
0 0.354575 0.294326 0.117647 0.219858
