0 0.471405 0.045343 0.050654 0.075980
0 0.642157 0.529412 0.091503 0.161765
0 0.426471 0.431373 0.094771 0.240196
0 0.772876 0.248775 0.062092 0.105392
0 0.541667 0.093137 0.053922 0.098039
0 0.899510 0.405637 0.070261 0.134804
0 0.503268 0.533088 0.098039 0.174020
0 0.621732 0.156863 0.073529 0.127451
0 0.546569 0.345588 0.102941 0.132353
0 0.352941 0.035539 0.039216 0.056373
0 0.288399 0.280637 0.060458 0.095588
0 0.084150 0.312500 0.086601 0.100490
0 0.209150 0.297794 0.062092 0.090686
0 0.747549 0.134804 0.040850 0.088235
0 0.830882 0.355392 0.050654 0.073529
0 0.687092 0.132353 0.040850 0.107843
