0 0.255719 0.464634 0.099673 0.119512
0 0.026144 0.630488 0.049020 0.197561
0 0.376634 0.909756 0.096405 0.156098
0 0.937092 0.770732 0.066993 0.170732
0 0.917484 0.642683 0.093137 0.129268
0 0.941176 0.409756 0.058824 0.117073
0 0.821895 0.384146 0.058824 0.139024
0 0.583333 0.356098 0.071895 0.141463
0 0.465686 0.302439 0.068627 0.156098
0 0.393791 0.586585 0.084967 0.124390
0 0.306373 0.632927 0.083333 0.168293
0 0.164216 0.082927 0.060458 0.136585
0 0.132353 0.312195 0.088235 0.156098
0 0.531046 0.385366 0.062092 0.136585
