0 0.462418 0.545872 0.062092 0.096330
0 0.276144 0.433486 0.052288 0.064220
0 0.380719 0.497706 0.049020 0.073394
0 0.423203 0.485092 0.039216 0.066514
0 0.540850 0.565367 0.039216 0.098624
0 0.515523 0.457569 0.047386 0.066514
0 0.433824 0.416284 0.044118 0.057339
0 0.271242 0.372706 0.052288 0.043578
0 0.354575 0.394495 0.039216 0.045872
0 0.387255 0.412844 0.042484 0.064220
0 0.466503 0.370413 0.063725 0.084862
0 0.542484 0.379587 0.042484 0.075688
0 0.626634 0.482798 0.063725 0.126147
0 0.734477 0.302752 0.099673 0.142202
